1.001486252392049032e-05 1.081718440232308787e+01 7.500000000000327238e-02 1.013361048942746090e-01
1.001537799153345220e-05 1.081717710272704380e+01 7.500000000000296707e-02 1.013364655403842796e-01
1.001589348567766964e-05 1.081716980313099796e+01 7.500000000000266176e-02 1.013368261864939363e-01
1.001640900635450636e-05 1.081716250353495212e+01 7.500000000000235645e-02 1.013371868326036068e-01
1.001692455356532778e-05 1.081715520393890806e+01 7.500000000000205114e-02 1.013375474787132774e-01
1.001744012731149932e-05 1.081714790434286222e+01 7.500000000000174583e-02 1.013379081248229480e-01
1.001784173960537099e-05 1.081714016588138527e+01 7.500000000000142664e-02 1.013381859828284964e-01
1.001818106956185041e-05 1.081713219596321984e+01 7.500000000000110745e-02 1.013384186452535723e-01
1.001844246868513274e-05 1.081712401702973558e+01 7.500000000000078826e-02 1.013385952407142993e-01
1.001867499241945434e-05 1.081711578488730119e+01 7.500000000000046907e-02 1.013387508786645769e-01
1.001883881776878086e-05 1.081710742617598164e+01 7.500000000000014988e-02 1.013388566646871020e-01
1.001897114486640931e-05 1.081709903813105988e+01 7.499999999999983069e-02 1.013389394867842686e-01
1.001902405889838765e-05 1.081709057613579539e+01 7.499999999999951150e-02 1.013389644165645226e-01
1.001907441349157024e-05 1.081708211433884514e+01 7.499999999999919231e-02 1.013389874770466714e-01
1.001900278513101266e-05 1.081707366199256448e+01 7.499999999999887312e-02 1.013389214561428997e-01
1.001893115728254580e-05 1.081706520964628560e+01 7.499999999999856781e-02 1.013388554352391419e-01
1.001879435043050677e-05 1.081705683722985079e+01 7.499999999999826250e-02 1.013387418300747828e-01
1.001858526459222003e-05 1.081704855345347482e+01 7.499999999999795719e-02 1.013385754552398876e-01
1.001837618311742013e-05 1.081704026967710064e+01 7.499999999999766576e-02 1.013384090804049925e-01
1.001807687619816784e-05 1.081703221949730320e+01 7.499999999999737432e-02 1.013381769605811861e-01
1.001771976561897382e-05 1.081702431899453209e+01 7.499999999999711064e-02 1.013379027146505962e-01
1.001736266776956353e-05 1.081701641849175921e+01 7.499999999999683309e-02 1.013376284687200202e-01
1.001694609579027475e-05 1.081700877397473270e+01 7.499999999999656941e-02 1.013373110313260522e-01
1.001643520233405194e-05 1.081700153543943088e+01 7.499999999999633349e-02 1.013369250942395272e-01
1.001592433493488516e-05 1.081699429690412906e+01 7.499999999999609757e-02 1.013365391571529744e-01
1.001541349359144625e-05 1.081698705836882723e+01 7.499999999999584777e-02 1.013361532200664494e-01
1.001478752009449994e-05 1.081698058692172637e+01 7.499999999999565348e-02 1.013356841414046750e-01
1.001412543849118903e-05 1.081697435627427772e+01 7.499999999999545919e-02 1.013351889634463571e-01
1.001346340065835650e-05 1.081696812562683085e+01 7.499999999999526490e-02 1.013346937854880114e-01
1.001280140659310888e-05 1.081696189497938221e+01 7.499999999999507061e-02 1.013341986075296797e-01
1.001204677878673107e-05 1.081695662882323283e+01 7.499999999999491795e-02 1.013336371636655436e-01
1.001124905049563436e-05 1.081695181184097443e+01 7.499999999999479305e-02 1.013330448590616523e-01
1.001045138576501417e-05 1.081694699485871780e+01 7.499999999999465428e-02 1.013324525544577609e-01
1.000965378458979849e-05 1.081694217787646117e+01 7.499999999999452938e-02 1.013318602498538556e-01
1.000884671709597281e-05 1.081693753429614446e+01 7.499999999999440448e-02 1.013312612719345362e-01
1.000794742473003103e-05 1.081693457013318138e+01 7.499999999999434896e-02 1.013305976622021071e-01
1.000704821316528276e-05 1.081693160597021830e+01 7.499999999999429345e-02 1.013299340524696918e-01
1.000614908239446892e-05 1.081692864180725344e+01 7.499999999999423794e-02 1.013292704427372626e-01
1.000525003241033045e-05 1.081692567764429036e+01 7.499999999999418243e-02 1.013286068330048195e-01
1.000435106320560319e-05 1.081692271348132728e+01 7.499999999999412692e-02 1.013279432232723903e-01
1.000341163712690712e-05 1.081692186195452798e+01 7.499999999999415468e-02 1.013272538003051337e-01
1.000246931053318967e-05 1.081692116620152788e+01 7.499999999999418243e-02 1.013265624740164322e-01
1.000152707270712918e-05 1.081692047044852956e+01 7.499999999999421019e-02 1.013258711477277446e-01
1.000058492364036375e-05 1.081691977469552945e+01 7.499999999999425182e-02 1.013251798214390431e-01
9.999642863324531458e-06 1.081691907894253113e+01 7.499999999999427958e-02 1.013244884951503694e-01
9.998706217617727237e-06 1.081691870017337642e+01 7.499999999999432121e-02 1.013238016609598752e-01
9.997807354553566960e-06 1.081692056512754085e+01 7.499999999999444611e-02 1.013231466234230105e-01
9.996908572295341882e-06 1.081692243008170529e+01 7.499999999999457101e-02 1.013224915858861597e-01
9.996009870835787848e-06 1.081692429503587149e+01 7.499999999999469591e-02 1.013218365483492811e-01
9.995111250167640704e-06 1.081692615999003593e+01 7.499999999999482081e-02 1.013211815108124303e-01
9.994212710283637989e-06 1.081692802494420214e+01 7.499999999999494571e-02 1.013205264732755795e-01
9.993314251176518937e-06 1.081692988989836657e+01 7.499999999999507061e-02 1.013198714357387009e-01
9.992508265948563671e-06 1.081693327765879431e+01 7.499999999999525102e-02 1.013192868656232343e-01
9.991766465929010911e-06 1.081693772231360917e+01 7.499999999999545919e-02 1.013187512029912057e-01
9.991024720977438356e-06 1.081694216696842226e+01 7.499999999999566735e-02 1.013182155403591772e-01
9.990283031089761614e-06 1.081694661162323712e+01 7.499999999999588940e-02 1.013176798777271487e-01
9.989541396261889515e-06 1.081695105627805198e+01 7.499999999999609757e-02 1.013171442150951201e-01
9.988799816489739360e-06 1.081695550093286506e+01 7.499999999999630573e-02 1.013166085524630916e-01
9.988058291769219980e-06 1.081695994558767993e+01 7.499999999999651390e-02 1.013160728898310631e-01
9.987348294317519755e-06 1.081696466473349361e+01 7.499999999999673594e-02 1.013155605571905982e-01
