1.000941972134271218e-05 9.791213838900100441e+00 7.500000000000180134e-02 1.013319879200838269e-01
1.000967080335700420e-05 9.791209163065428100e+00 7.500000000000160705e-02 1.013321704017543096e-01
1.000992189166958079e-05 9.791204487230755760e+00 7.500000000000141276e-02 1.013323528834248061e-01
1.001017298628059951e-05 9.791199811396085195e+00 7.500000000000121847e-02 1.013325353650952887e-01
1.001042408719021960e-05 9.791195135561412854e+00 7.500000000000103806e-02 1.013327178467657713e-01
1.001067519439860031e-05 9.791190459726740514e+00 7.500000000000084377e-02 1.013329003284362539e-01
1.001092630790589409e-05 9.791185783892068173e+00 7.500000000000064948e-02 1.013330828101067366e-01
1.001116320722375817e-05 9.791181078155824835e+00 7.500000000000045519e-02 1.013332548458030502e-01
1.001125242484345802e-05 9.791176061880754844e+00 7.500000000000026090e-02 1.013333183962153855e-01
1.001134164325825076e-05 9.791171045605684853e+00 7.500000000000006661e-02 1.013333819466277208e-01
1.001137346499680348e-05 9.791165996188031073e+00 7.499999999999987232e-02 1.013334038711488500e-01
1.001137316146754941e-05 9.791160928220445925e+00 7.499999999999969191e-02 1.013334024976254855e-01
1.001137285793830380e-05 9.791155860252860776e+00 7.499999999999949762e-02 1.013334011241021210e-01
1.001128456651395450e-05 9.791150849694858493e+00 7.499999999999930334e-02 1.013333352790428826e-01
1.001118524866839775e-05 9.791145846331886560e+00 7.499999999999912292e-02 1.013332613538915350e-01
1.001108593180813514e-05 9.791140842968914626e+00 7.499999999999894251e-02 1.013331874287402012e-01
1.001090246954007975e-05 9.791136016482704818e+00 7.499999999999877598e-02 1.013330515422839473e-01
1.001069691828146373e-05 9.791131236435990814e+00 7.499999999999859557e-02 1.013328993877108813e-01
1.001049137124337740e-05 9.791126456389275035e+00 7.499999999999842903e-02 1.013327472331378293e-01
1.001025220881840235e-05 9.791121808769773338e+00 7.499999999999827638e-02 1.013325702725067917e-01
1.000993765718091712e-05 9.791117458138652196e+00 7.499999999999812372e-02 1.013323376804769471e-01
1.000962311542757116e-05 9.791113107507531055e+00 7.499999999999797107e-02 1.013321050884470609e-01
1.000930858355805277e-05 9.791108756876409913e+00 7.499999999999783229e-02 1.013318724964172024e-01
1.000895344867663694e-05 9.791104671929250713e+00 7.499999999999769351e-02 1.013316099259322783e-01
1.000853461247846409e-05 9.791101003806716108e+00 7.499999999999758249e-02 1.013313003230329606e-01
1.000811579380697332e-05 9.791097335684183278e+00 7.499999999999747147e-02 1.013309907201336152e-01
1.000769699266143280e-05 9.791093667561648672e+00 7.499999999999734657e-02 1.013306811172342836e-01
1.000727820904111067e-05 9.791089999439114067e+00 7.499999999999723554e-02 1.013303715143349382e-01
1.000677282274145912e-05 9.791087283776503725e+00 7.499999999999716616e-02 1.013299980230144837e-01
1.000626571888632741e-05 9.791084587281515539e+00 7.499999999999708289e-02 1.013296232459819368e-01
1.000575864072922155e-05 9.791081890786529129e+00 7.499999999999701350e-02 1.013292484689493761e-01
1.000525158826884221e-05 9.791079194291540944e+00 7.499999999999694411e-02 1.013288736919168015e-01
1.000474341480694398e-05 9.791076523337348902e+00 7.499999999999686084e-02 1.013284980717083783e-01
1.000417949276000159e-05 9.791075094733040274e+00 7.499999999999684697e-02 1.013280814379198397e-01
1.000361560249879047e-05 9.791073666128731645e+00 7.499999999999681921e-02 1.013276648041312872e-01
1.000305174402151661e-05 9.791072237524423016e+00 7.499999999999680533e-02 1.013272481703427347e-01
1.000248791732639107e-05 9.791070808920112611e+00 7.499999999999677758e-02 1.013268315365541961e-01
1.000192412241161984e-05 9.791069380315803983e+00 7.499999999999674982e-02 1.013264149027656436e-01
1.000135749789151060e-05 9.791068618679329205e+00 7.499999999999676370e-02 1.013259962800510811e-01
1.000078726391674047e-05 9.791068705911234460e+00 7.499999999999679146e-02 1.013255751259754811e-01
1.000021706245423396e-05 9.791068793143139715e+00 7.499999999999683309e-02 1.013251539718998534e-01
9.999646893502141145e-06 9.791068880375044969e+00 7.499999999999686084e-02 1.013247328178242535e-01
9.999076757058603644e-06 9.791068967606952000e+00 7.499999999999690248e-02 1.013243116637486257e-01
9.998506653121773226e-06 9.791069054838857255e+00 7.499999999999693023e-02 1.013238905096730258e-01
9.997946891523700540e-06 9.791069406127697050e+00 7.499999999999698574e-02 1.013234770219518660e-01
9.997440357260980120e-06 9.791071119951947566e+00 7.499999999999706901e-02 1.013231030926672604e-01
9.996933848661225172e-06 9.791072833776199857e+00 7.499999999999716616e-02 1.013227291633826133e-01
9.996427365723136349e-06 9.791074547600452149e+00 7.499999999999726330e-02 1.013223552340979799e-01
9.995920908445410914e-06 9.791076261424704441e+00 7.499999999999734657e-02 1.013219813048133328e-01
9.995414476826747823e-06 9.791077975248956733e+00 7.499999999999744371e-02 1.013216073755287133e-01
9.994908070865851117e-06 9.791079689073209025e+00 7.499999999999754086e-02 1.013212334462440661e-01
9.994416416482992393e-06 9.791081550887675178e+00 7.499999999999763800e-02 1.013208704166051743e-01
9.994057362261468772e-06 9.791084745098725506e+00 7.499999999999777678e-02 1.013206055194742355e-01
9.993698320939140548e-06 9.791087939309774058e+00 7.499999999999791556e-02 1.013203406223432967e-01
9.993339292515545242e-06 9.791091133520824386e+00 7.499999999999805433e-02 1.013200757252123718e-01
9.992980276990220373e-06 9.791094327731874714e+00 7.499999999999819311e-02 1.013198108280814330e-01
9.992621274362698379e-06 9.791097521942925042e+00 7.499999999999834577e-02 1.013195459309504942e-01
9.992262284632520168e-06 9.791100716153975370e+00 7.499999999999848455e-02 1.013192810338195554e-01
9.991903307799219873e-06 9.791103910365025698e+00 7.499999999999862332e-02 1.013190161366886166e-01
9.991560896697385734e-06 9.791107188985312959e+00 7.499999999999876210e-02 1.013187634280060673e-01
