1.002905752635759584e-05 1.139702596251260580e+01 7.500000000000231482e-02 1.013465292099550163e-01
1.002945963833130739e-05 1.139701248870162686e+01 7.500000000000180134e-02 1.013467817914922298e-01
1.002986176642757620e-05 1.139699901489064793e+01 7.500000000000127398e-02 1.013470343730294709e-01
1.003026391064704431e-05 1.139698554107966899e+01 7.500000000000074662e-02 1.013472869545667121e-01
1.003066607099036226e-05 1.139697206726869005e+01 7.500000000000021927e-02 1.013475395361039255e-01
1.003104617035311507e-05 1.139695856204177815e+01 7.499999999999969191e-02 1.013477762671578380e-01
1.003119423474386670e-05 1.139694472661471281e+01 7.499999999999916456e-02 1.013478464001926066e-01
1.003125837701578286e-05 1.139693085008993556e+01 7.499999999999863720e-02 1.013478567601389796e-01
1.003126685994198889e-05 1.139691696107317931e+01 7.499999999999812372e-02 1.013478273559550308e-01
1.003116407057067160e-05 1.139690309431490967e+01 7.499999999999761024e-02 1.013477180670935007e-01
1.003099936953847908e-05 1.139688928837892590e+01 7.499999999999711064e-02 1.013475641321668064e-01
1.003074879525818541e-05 1.139687556680842384e+01 7.499999999999661104e-02 1.013473482694985661e-01
1.003042354159514089e-05 1.139686198611232371e+01 7.499999999999613920e-02 1.013470784656704399e-01
1.003001016858039136e-05 1.139684857165634035e+01 7.499999999999566735e-02 1.013467450080858812e-01
1.002955204527222207e-05 1.139683528960916803e+01 7.499999999999519551e-02 1.013463792453563050e-01
1.002896209080602083e-05 1.139682239756356097e+01 7.499999999999475142e-02 1.013459183299161431e-01
1.002837217104189377e-05 1.139680950551795569e+01 7.499999999999430733e-02 1.013454574144759535e-01
1.002763747923095840e-05 1.139679723259076383e+01 7.499999999999390488e-02 1.013448923186104633e-01
1.002686021301516874e-05 1.139678514193478875e+01 7.499999999999350242e-02 1.013442965515638783e-01
1.002608300704714533e-05 1.139677305127881546e+01 7.499999999999309996e-02 1.013437007845172932e-01
1.002511675633431137e-05 1.139676209223689973e+01 7.499999999999275302e-02 1.013429697052346118e-01
1.002414704297509041e-05 1.139675115447513498e+01 7.499999999999241995e-02 1.013422360813873296e-01
1.002317742341467342e-05 1.139674021671337201e+01 7.499999999999207301e-02 1.013415024575400475e-01
1.002204912609009598e-05 1.139673060977476915e+01 7.499999999999178157e-02 1.013406562262947619e-01
1.002089108802152218e-05 1.139672125321822982e+01 7.499999999999150402e-02 1.013397888090094567e-01
1.001973318376312561e-05 1.139671189666169049e+01 7.499999999999124034e-02 1.013389213917241655e-01
1.001852267433828862e-05 1.139670318367278057e+01 7.499999999999099054e-02 1.013380171312962819e-01
1.001719454027187437e-05 1.139669590801466903e+01 7.499999999999081013e-02 1.013370305861462511e-01
1.001586658227334538e-05 1.139668863235655571e+01 7.499999999999061584e-02 1.013360440409962343e-01
1.001453880031936078e-05 1.139668135669844418e+01 7.499999999999043543e-02 1.013350574958462175e-01
1.001316683798011282e-05 1.139667496265298929e+01 7.499999999999028277e-02 1.013340409212286353e-01
1.001170716346763000e-05 1.139667031593112512e+01 7.499999999999021338e-02 1.013329648293201518e-01
1.001024770173994556e-05 1.139666566920926094e+01 7.499999999999013012e-02 1.013318887374116961e-01
1.000878845276604117e-05 1.139666102248739676e+01 7.499999999999004685e-02 1.013308126455032265e-01
1.000732941651489849e-05 1.139665637576553259e+01 7.499999999998997746e-02 1.013297365535947570e-01
1.000581247149405231e-05 1.139665447319106306e+01 7.499999999998999134e-02 1.013286255444394990e-01
1.000428666234411664e-05 1.139665300005079551e+01 7.499999999999004685e-02 1.013275090710515636e-01
1.000276108586829723e-05 1.139665152691052796e+01 7.499999999999008848e-02 1.013263925976636004e-01
1.000123574203111016e-05 1.139665005377026041e+01 7.499999999999013012e-02 1.013252761242756511e-01
9.999710630797083383e-06 1.139664858062999286e+01 7.499999999999017175e-02 1.013241596508877018e-01
9.998211284520368026e-06 1.139665013152125539e+01 7.499999999999032441e-02 1.013230701889085983e-01
9.996717200794251007e-06 1.139665227916615464e+01 7.499999999999050482e-02 1.013219860572828201e-01
9.995223340336687970e-06 1.139665442681105390e+01 7.499999999999068523e-02 1.013209019256570420e-01
9.993729703114312592e-06 1.139665657445595315e+01 7.499999999999085176e-02 1.013198177940312500e-01
9.992236289093772104e-06 1.139665872210085240e+01 7.499999999999103217e-02 1.013187336624054719e-01
9.990772061442019378e-06 1.139666154611532711e+01 7.499999999999122646e-02 1.013176725191578670e-01
9.989442699109081337e-06 1.139666751502661057e+01 7.499999999999154565e-02 1.013167182643331526e-01
9.988113513659792423e-06 1.139667348393789403e+01 7.499999999999185096e-02 1.013157640095084244e-01
9.986784505070615283e-06 1.139667945284917749e+01 7.499999999999215627e-02 1.013148097546836962e-01
9.985455673318019342e-06 1.139668542176046273e+01 7.499999999999246159e-02 1.013138554998589819e-01
9.984127018378472331e-06 1.139669139067174619e+01 7.499999999999276690e-02 1.013129012450342536e-01
9.982798540228447062e-06 1.139669735958302965e+01 7.499999999999307221e-02 1.013119469902095532e-01
9.981735066532641012e-06 1.139670622290817903e+01 7.499999999999347466e-02 1.013111935414561793e-01
9.980733199024625625e-06 1.139671575837581763e+01 7.499999999999389100e-02 1.013104867240068319e-01
9.979731432074127263e-06 1.139672529384345623e+01 7.499999999999432121e-02 1.013097799065574983e-01
9.978729765671054376e-06 1.139673482931109483e+01 7.499999999999473754e-02 1.013090730891081509e-01
9.977728199805313718e-06 1.139674436477873343e+01 7.499999999999515388e-02 1.013083662716588035e-01
9.976726734466815434e-06 1.139675390024637203e+01 7.499999999999557021e-02 1.013076594542094699e-01
9.975725369645469667e-06 1.139676343571401063e+01 7.499999999999598654e-02 1.013069526367601364e-01
9.974885464408248483e-06 1.139677395457887421e+01 7.499999999999643063e-02 1.013063650180922315e-01
