1.000683574631029053e-05 9.156341127379979739e+00 7.500000000000225930e-02 1.013300238441922213e-01
1.000719397530171519e-05 9.156337493573603936e+00 7.500000000000209277e-02 1.013302913537938860e-01
1.000755221711717293e-05 9.156333859767228134e+00 7.500000000000194011e-02 1.013305588633955645e-01
1.000791047175712454e-05 9.156330225960852331e+00 7.500000000000178746e-02 1.013308263729972430e-01
1.000826873922202910e-05 9.156326592154476529e+00 7.500000000000162093e-02 1.013310938825989077e-01
1.000862701951234741e-05 9.156322958348102503e+00 7.500000000000146827e-02 1.013313613922005862e-01
1.000898531262853687e-05 9.156319324541726701e+00 7.500000000000131561e-02 1.013316289018022648e-01
1.000927390688606765e-05 9.156315407859333177e+00 7.500000000000114908e-02 1.013318453595207641e-01
1.000949590664630882e-05 9.156311220922031424e+00 7.500000000000098255e-02 1.013320130431431959e-01
1.000969371617939875e-05 9.156306972944285860e+00 7.500000000000080214e-02 1.013321631710207560e-01
1.000984001712204736e-05 9.156302595010931356e+00 7.500000000000063560e-02 1.013322759225723790e-01
1.000998632020301708e-05 9.156298217077575075e+00 7.500000000000045519e-02 1.013323886741240160e-01
1.001005873719793701e-05 9.156293736352164814e+00 7.500000000000028866e-02 1.013324471483382783e-01
1.001011850186313523e-05 9.156289238024367449e+00 7.500000000000010825e-02 1.013324963279564200e-01
1.001017054674742355e-05 9.156284738486343500e+00 7.499999999999992784e-02 1.013325397945225304e-01
1.001013353626140854e-05 9.156280224987749961e+00 7.499999999999976130e-02 1.013325173582068361e-01
1.001009652591223001e-05 9.156275711489156421e+00 7.499999999999959477e-02 1.013324949218911697e-01
1.001005951569988796e-05 9.156271197990562882e+00 7.499999999999942824e-02 1.013324724855754755e-01
1.000992187141151731e-05 9.156266811194278432e+00 7.499999999999926170e-02 1.013323752184595028e-01
1.000977992673500997e-05 9.156262429814834292e+00 7.499999999999910905e-02 1.013322747521409467e-01
1.000963798407133583e-05 9.156258048435388375e+00 7.499999999999894251e-02 1.013321742858224045e-01
1.000944728517332977e-05 9.156253813575927936e+00 7.499999999999878986e-02 1.013320374260879980e-01
1.000919654596834023e-05 9.156249759154713175e+00 7.499999999999865108e-02 1.013318557481388688e-01
1.000894581304443203e-05 9.156245704733496638e+00 7.499999999999851230e-02 1.013316740701897534e-01
1.000869508640144762e-05 9.156241650312281877e+00 7.499999999999837352e-02 1.013314923922406241e-01
1.000839189143434588e-05 9.156237879747889608e+00 7.499999999999824862e-02 1.013312713946720317e-01
1.000803589645363900e-05 9.156234394860431891e+00 7.499999999999813760e-02 1.013310108253636654e-01
1.000767991413554613e-05 9.156230909972974175e+00 7.499999999999801270e-02 1.013307502560552992e-01
1.000732394447961835e-05 9.156227425085516458e+00 7.499999999999790168e-02 1.013304896867469190e-01
1.000696301485382187e-05 9.156223986880512200e+00 7.499999999999779066e-02 1.013302253708558837e-01
1.000651659304441945e-05 9.156221351420372301e+00 7.499999999999772127e-02 1.013298966292575237e-01
1.000607019115039639e-05 9.156218715960234178e+00 7.499999999999763800e-02 1.013295678876591360e-01
1.000562380917085824e-05 9.156216080500096055e+00 7.499999999999756861e-02 1.013292391460607622e-01
1.000517744710492067e-05 9.156213445039957932e+00 7.499999999999748534e-02 1.013289104044624023e-01
1.000472773281674593e-05 9.156210873411284368e+00 7.499999999999741596e-02 1.013285790901139738e-01
1.000422128542713743e-05 9.156209376123065624e+00 7.499999999999737432e-02 1.013282044740887733e-01
1.000371486367430584e-05 9.156207878834846881e+00 7.499999999999734657e-02 1.013278298580635728e-01
1.000320846755695011e-05 9.156206381546628137e+00 7.499999999999731881e-02 1.013274552420383862e-01
1.000270209707377599e-05 9.156204884258409393e+00 7.499999999999729106e-02 1.013270806260131857e-01
1.000219575222348242e-05 9.156203386970190650e+00 7.499999999999726330e-02 1.013267060099879990e-01
1.000168475612475235e-05 9.156202486606051849e+00 7.499999999999724942e-02 1.013263273153006405e-01
1.000116764593047788e-05 9.156202369974522526e+00 7.499999999999727718e-02 1.013259432655260750e-01
1.000065056247199709e-05 9.156202253342994979e+00 7.499999999999729106e-02 1.013255592157514678e-01
1.000013350574792254e-05 9.156202136711465656e+00 7.499999999999731881e-02 1.013251751659768746e-01
9.999616475756875278e-06 9.156202020079936332e+00 7.499999999999734657e-02 1.013247911162022952e-01
9.999099472497471238e-06 9.156201903448407009e+00 7.499999999999736044e-02 1.013244070664277019e-01
9.998588588112520677e-06 9.156201944116787672e+00 7.499999999999738820e-02 1.013240273858338758e-01
9.998129300496673885e-06 9.156203316410287840e+00 7.499999999999747147e-02 1.013236846926157952e-01
9.997670033978315473e-06 9.156204688703788008e+00 7.499999999999754086e-02 1.013233419993977286e-01
9.997210788556478130e-06 9.156206060997288176e+00 7.499999999999762412e-02 1.013229993061796758e-01
9.996751564230191156e-06 9.156207433290788344e+00 7.499999999999769351e-02 1.013226566129615952e-01
9.996292360998485546e-06 9.156208805584288513e+00 7.499999999999777678e-02 1.013223139197435424e-01
9.995833178860393986e-06 9.156210177877788681e+00 7.499999999999786005e-02 1.013219712265254757e-01
9.995374017814945779e-06 9.156211550171288849e+00 7.499999999999792943e-02 1.013216285333074090e-01
9.995031064585332002e-06 9.156214097611087510e+00 7.499999999999804046e-02 1.013213709000877066e-01
9.994689521446285349e-06 9.156216659194338803e+00 7.499999999999816536e-02 1.013211142906060430e-01
9.994347989978209215e-06 9.156219220777588319e+00 7.499999999999827638e-02 1.013208576811243933e-01
9.994006470180705494e-06 9.156221782360839612e+00 7.499999999999838740e-02 1.013206010716427435e-01
9.993664962053374387e-06 9.156224343944089128e+00 7.499999999999851230e-02 1.013203444621610938e-01
9.993323465595817788e-06 9.156226905527338644e+00 7.499999999999862332e-02 1.013200878526794441e-01
