1.001633623489325730e-05 1.042422323402757378e+01 7.500000000000361933e-02 1.013318078373300901e-01
1.001685891438249425e-05 1.042421527587394259e+01 7.500000000000328626e-02 1.013328918327989908e-01
1.001738162114655972e-05 1.042420731772031139e+01 7.500000000000295319e-02 1.013339758282678915e-01
1.001790435518687671e-05 1.042419935956668020e+01 7.500000000000262013e-02 1.013350598237367922e-01
1.001842711650486486e-05 1.042419140141304901e+01 7.500000000000228706e-02 1.013361438192056929e-01
1.001894990510195565e-05 1.042418344325941604e+01 7.500000000000195399e-02 1.013372278146745936e-01
1.001930394716233722e-05 1.042417494848583814e+01 7.500000000000160705e-02 1.013379464416485493e-01
1.001960174792141287e-05 1.042416631073886180e+01 7.500000000000126010e-02 1.013385334457304054e-01
1.001983829634806721e-05 1.042415754199051747e+01 7.500000000000091316e-02 1.013389703383947432e-01
1.002000595192459902e-05 1.042414867776985510e+01 7.500000000000056621e-02 1.013392844803620851e-01
1.002013548365352072e-05 1.042413976071782500e+01 7.500000000000021927e-02 1.013395306959691405e-01
1.002017991988032209e-05 1.042413079821228550e+01 7.499999999999988620e-02 1.013396630880827043e-01
1.002019008780372875e-05 1.042412181740265886e+01 7.499999999999953926e-02 1.013397496435830408e-01
1.002012882719447078e-05 1.042411286753033117e+01 7.499999999999920619e-02 1.013397603618734488e-01
1.002000689340195875e-05 1.042410394393741235e+01 7.499999999999887312e-02 1.013397066609329905e-01
1.001987098580836216e-05 1.042409504205676996e+01 7.499999999999854006e-02 1.013396403648830213e-01
1.001960493935301875e-05 1.042408634236946519e+01 7.499999999999822087e-02 1.013394567781682049e-01
1.001933889996170650e-05 1.042407764268216042e+01 7.499999999999791556e-02 1.013392731914533745e-01
1.001901943091528484e-05 1.042406909798803660e+01 7.499999999999761024e-02 1.013390461343317978e-01
1.001859975771492880e-05 1.042406084397705968e+01 7.499999999999731881e-02 1.013387375503026350e-01
1.001818010209369804e-05 1.042405258996608275e+01 7.499999999999702738e-02 1.013384289662734583e-01
1.001772015325950757e-05 1.042404452207543208e+01 7.499999999999674982e-02 1.013380894329670712e-01
1.001714241202320478e-05 1.042403699817485929e+01 7.499999999999650002e-02 1.013376594415146409e-01
1.001656470410635242e-05 1.042402947427428650e+01 7.499999999999625022e-02 1.013372294500622245e-01
1.001598702950703114e-05 1.042402195037371371e+01 7.499999999999600042e-02 1.013367994586097803e-01
1.001529000780538468e-05 1.042401526370292508e+01 7.499999999999577838e-02 1.013362806490902268e-01
1.001455847074473098e-05 1.042400881945157742e+01 7.499999999999558409e-02 1.013357361223465453e-01
1.001382698711702810e-05 1.042400237520022799e+01 7.499999999999537592e-02 1.013351915956028637e-01
1.001309555691836781e-05 1.042399593094887855e+01 7.499999999999516775e-02 1.013346470688591822e-01
1.001224669152016262e-05 1.042399076635011923e+01 7.499999999999502898e-02 1.013340168320476520e-01
1.001137894454901652e-05 1.042398580820677445e+01 7.499999999999489020e-02 1.013333727670237550e-01
1.001051127278425207e-05 1.042398085006343145e+01 7.499999999999475142e-02 1.013327287019998718e-01
1.000964367621934203e-05 1.042397589192008844e+01 7.499999999999461264e-02 1.013320846369759887e-01
1.000873037187158054e-05 1.042397181311240573e+01 7.499999999999451550e-02 1.013314078712401478e-01
1.000776284285321779e-05 1.042396877747762218e+01 7.499999999999444611e-02 1.013306923120174258e-01
1.000679540736443976e-05 1.042396574184283864e+01 7.499999999999439060e-02 1.013299767527947176e-01
1.000582806539620859e-05 1.042396270620805510e+01 7.499999999999433509e-02 1.013292611935719956e-01
1.000486081693947968e-05 1.042395967057327155e+01 7.499999999999427958e-02 1.013285456343492874e-01
1.000387386923831444e-05 1.042395780865289368e+01 7.499999999999425182e-02 1.013278170286781438e-01
1.000286748314746449e-05 1.042395710532345099e+01 7.499999999999429345e-02 1.013270755446638444e-01
1.000186119829869174e-05 1.042395640199401008e+01 7.499999999999432121e-02 1.013263340606495588e-01
1.000085501468180976e-05 1.042395569866456739e+01 7.499999999999434896e-02 1.013255925766352594e-01
9.999848932286637223e-06 1.042395499533512471e+01 7.499999999999437672e-02 1.013248510926209600e-01
9.998842951102987709e-06 1.042395429200568380e+01 7.499999999999440448e-02 1.013241096086066606e-01
9.997883166338691788e-06 1.042395602278843469e+01 7.499999999999452938e-02 1.013234052656775963e-01
9.996926952176805732e-06 1.042395793727322406e+01 7.499999999999465428e-02 1.013227037257799779e-01
9.995970829468831515e-06 1.042395985175801343e+01 7.499999999999477918e-02 1.013220021858823872e-01
9.995014798206022677e-06 1.042396176624280457e+01 7.499999999999490408e-02 1.013213006459847826e-01
9.994058858379631060e-06 1.042396368072759394e+01 7.499999999999502898e-02 1.013205991060871641e-01
9.993103009980913590e-06 1.042396559521238331e+01 7.499999999999515388e-02 1.013198975661895734e-01
9.992256168034942073e-06 1.042396924699128746e+01 7.499999999999534817e-02 1.013192783592511137e-01
9.991465568042720533e-06 1.042397379480448016e+01 7.499999999999555633e-02 1.013187016167139270e-01
9.990675030603773728e-06 1.042397834261767109e+01 7.499999999999577838e-02 1.013181248741767682e-01
9.989884555713151598e-06 1.042398289043086201e+01 7.499999999999598654e-02 1.013175481316395815e-01
9.989094143365909162e-06 1.042398743824405294e+01 7.499999999999620859e-02 1.013169713891024087e-01
9.988303793557091280e-06 1.042399198605724564e+01 7.499999999999641676e-02 1.013163946465652360e-01
9.987513506281756360e-06 1.042399653387043656e+01 7.499999999999663880e-02 1.013158179040280632e-01
9.986834315668012430e-06 1.042400199496819369e+01 7.499999999999687472e-02 1.013153235614810271e-01
9.986227394227849583e-06 1.042400805015370935e+01 7.499999999999713840e-02 1.013148828197798640e-01
9.985620509671609370e-06 1.042401410533922324e+01 7.499999999999740208e-02 1.013144420780787008e-01
