1.002022779427351629e-05 1.105785861889755139e+01 7.500000000000416056e-02 1.013401342689302514e-01
1.002090644971401918e-05 1.105784883979104727e+01 7.500000000000375810e-02 1.013406018611841541e-01
1.002158515111886491e-05 1.105783906068454314e+01 7.500000000000335565e-02 1.013410694534380430e-01
1.002226389849116716e-05 1.105782928157803902e+01 7.500000000000293932e-02 1.013415370456919457e-01
1.002294269183404302e-05 1.105781950247153489e+01 7.500000000000253686e-02 1.013420046379458483e-01
1.002356096785262296e-05 1.105780947916572110e+01 7.500000000000212053e-02 1.013424288236482590e-01
1.002404815806497809e-05 1.105779892976559253e+01 7.500000000000170419e-02 1.013427590489180963e-01
1.002444847582790004e-05 1.105778811689497410e+01 7.500000000000127398e-02 1.013430274369658823e-01
1.002478967150065878e-05 1.105777716605971861e+01 7.500000000000084377e-02 1.013432532599034541e-01
1.002508737014328037e-05 1.105776611372503915e+01 7.500000000000041356e-02 1.013434477680480034e-01
1.002527472539729411e-05 1.105775488744444424e+01 7.499999999999998335e-02 1.013435622773507655e-01
1.002544156808562380e-05 1.105774364016371081e+01 7.499999999999955314e-02 1.013436618745296169e-01
1.002548928154372692e-05 1.105773230375918104e+01 7.499999999999912292e-02 1.013436747673790717e-01
1.002553184258399542e-05 1.105772096824808415e+01 7.499999999999869271e-02 1.013436839047057308e-01
1.002543050214983470e-05 1.105770965768863690e+01 7.499999999999827638e-02 1.013435881584867637e-01
1.002532916274004684e-05 1.105769834712918964e+01 7.499999999999786005e-02 1.013434924122677966e-01
1.002511115265279788e-05 1.105768717926911116e+01 7.499999999999745759e-02 1.013433116706371762e-01
1.002484491165691227e-05 1.105767607040708356e+01 7.499999999999706901e-02 1.013430957882509587e-01
1.002456266878796533e-05 1.105766500091769622e+01 7.499999999999666656e-02 1.013428682681093845e-01
1.002411764030364259e-05 1.105765433182013169e+01 7.499999999999629186e-02 1.013425224002544589e-01
1.002367263157583141e-05 1.105764366272256538e+01 7.499999999999593103e-02 1.013421765323995472e-01
1.002320046474766498e-05 1.105763310199824012e+01 7.499999999999555633e-02 1.013418109811506790e-01
1.002256719699389786e-05 1.105762318379797549e+01 7.499999999999523714e-02 1.013413287308522620e-01
1.002193396925011317e-05 1.105761326559771263e+01 7.499999999999490408e-02 1.013408464805538312e-01
1.002130078151377658e-05 1.105760334739744799e+01 7.499999999999457101e-02 1.013403642302554003e-01
1.002050986616993009e-05 1.105759437837533099e+01 7.499999999999427958e-02 1.013397683770833752e-01
1.001968692366055872e-05 1.105758560243103972e+01 7.499999999999401590e-02 1.013391494152926231e-01
1.001886404873600719e-05 1.105757682648674844e+01 7.499999999999373834e-02 1.013385304535018849e-01
1.001802276347326371e-05 1.105756821730643047e+01 7.499999999999346079e-02 1.013378983117506071e-01
1.001702140984652391e-05 1.105756105352157270e+01 7.499999999999326650e-02 1.013371519351641825e-01
1.001602015631030138e-05 1.105755388973671494e+01 7.499999999999305833e-02 1.013364055585777579e-01
1.001501900285459604e-05 1.105754672595185717e+01 7.499999999999285016e-02 1.013356591819913610e-01
1.001401794946939597e-05 1.105753956216699940e+01 7.499999999999264200e-02 1.013349128054049364e-01
1.001288193356225358e-05 1.105753434748806541e+01 7.499999999999251710e-02 1.013340717664928947e-01
1.001173268605055981e-05 1.105752932563924240e+01 7.499999999999240607e-02 1.013332213623912015e-01
1.001058357044592794e-05 1.105752430379041762e+01 7.499999999999229505e-02 1.013323709582894944e-01
1.000943458673322151e-05 1.105751928194159284e+01 7.499999999999217015e-02 1.013315205541877873e-01
1.000826798112320789e-05 1.105751477633779345e+01 7.499999999999208689e-02 1.013306583060202687e-01
1.000702696203050784e-05 1.105751243874890832e+01 7.499999999999207301e-02 1.013297463176905805e-01
1.000578609682341634e-05 1.105751010116002142e+01 7.499999999999205913e-02 1.013288343293609062e-01
1.000454538548284635e-05 1.105750776357113452e+01 7.499999999999205913e-02 1.013279223410312180e-01
1.000330482798972438e-05 1.105750542598224939e+01 7.499999999999204525e-02 1.013270103527015298e-01
1.000206442432496846e-05 1.105750308839336249e+01 7.499999999999203137e-02 1.013260983643718555e-01
1.000082074012811658e-05 1.105750353725616719e+01 7.499999999999212852e-02 1.013251901713754510e-01
9.999576764209644822e-06 1.105750434832194884e+01 7.499999999999223954e-02 1.013242824717237034e-01
9.998332943026081221e-06 1.105750515938772871e+01 7.499999999999235056e-02 1.013233747720719419e-01
9.997089276558179493e-06 1.105750597045350858e+01 7.499999999999244771e-02 1.013224670724201804e-01
9.995845764786695048e-06 1.105750678151929023e+01 7.499999999999255873e-02 1.013215593727684466e-01
9.994602407692386686e-06 1.105750759258507010e+01 7.499999999999266975e-02 1.013206516731166851e-01
9.993468627570147115e-06 1.105751150073094990e+01 7.499999999999289180e-02 1.013198309986158147e-01
9.992345245975310728e-06 1.105751569958680847e+01 7.499999999999311384e-02 1.013190184928025872e-01
9.991221990661575600e-06 1.105751989844266880e+01 7.499999999999333589e-02 1.013182059869893736e-01
9.990098861614742068e-06 1.105752409729852914e+01 7.499999999999357181e-02 1.013173934811761462e-01
9.988975858820620639e-06 1.105752829615438770e+01 7.499999999999379385e-02 1.013165809753629187e-01
9.987852982265016733e-06 1.105753249501024804e+01 7.499999999999402978e-02 1.013157684695497052e-01
9.986769735291184353e-06 1.105753718807408958e+01 7.499999999999426570e-02 1.013149858127085495e-01
9.985847545224171671e-06 1.105754389477376165e+01 7.499999999999457101e-02 1.013143247746224884e-01
9.984925440313272447e-06 1.105755060147343372e+01 7.499999999999489020e-02 1.013136637365364412e-01
9.984003420550626213e-06 1.105755730817310578e+01 7.499999999999519551e-02 1.013130026984503940e-01
9.983081485928370810e-06 1.105756401487277785e+01 7.499999999999550082e-02 1.013123416603643467e-01
