3.462722535874242621e-06 1.419126337236665769e+01 7.499999992386108261e-02 8.794637188529144667e-02
3.581072942432249174e-06 1.419413931302921661e+01 7.499999992419109640e-02 8.764788640030682365e-02
3.707676637841547927e-06 1.419696096168283539e+01 7.499999992452922870e-02 8.733384852570574841e-02
3.843428681915619408e-06 1.419972433291419556e+01 7.499999992487597911e-02 8.700291434029043536e-02
3.989342959333978051e-06 1.420242517280375516e+01 7.499999992523183334e-02 8.665363283335705824e-02
4.146592606214372074e-06 1.420505869141149624e+01 7.499999992559737427e-02 8.628435908963939804e-02
4.316522750744790808e-06 1.420761969613683995e+01 7.499999992597318477e-02 8.589328913452161374e-02
4.500732540602256352e-06 1.421010199838594090e+01 7.499999992635997259e-02 8.547827439567831642e-02
4.701077963448755066e-06 1.421249883478043863e+01 7.499999992675848715e-02 8.503693962579872423e-02
4.919727344409065002e-06 1.421480275278828032e+01 7.499999992716954722e-02 8.456664253138611309e-02
5.159274225023326316e-06 1.421700506862478619e+01 7.499999992759406875e-02 8.406429598334355657e-02
5.422858258988950970e-06 1.421909550969636626e+01 7.499999992803312032e-02 8.352623968829900325e-02
5.714200296895080550e-06 1.422106286599826674e+01 7.499999992848785380e-02 8.294843641643130649e-02
6.037873391868290053e-06 1.422289373946185265e+01 7.499999992895958756e-02 8.232605872785844769e-02
6.399494968246870983e-06 1.422457252865724264e+01 7.499999992944982041e-02 8.165346650107214999e-02
6.806036393924384758e-06 1.422608094410278134e+01 7.499999992996027320e-02 8.092403445508711268e-02
7.266306248773860315e-06 1.422739698001125497e+01 7.499999993049294433e-02 8.012979707553954944e-02
7.791516726100662844e-06 1.422849439714427078e+01 7.499999993105010976e-02 7.926126751906656387e-02
8.396207961124980290e-06 1.422934122018516945e+01 7.499999993163447565e-02 7.830693456420137477e-02
9.099558368459750689e-06 1.422989804284417836e+01 7.499999993224919226e-02 7.725271201975769664e-02
9.927380222941249756e-06 1.423011554978733884e+01 7.499999993289804823e-02 7.608116171251468052e-02
1.091528365055650499e-05 1.422993069568882341e+01 7.499999993358560935e-02 7.477033791647541561e-02
1.211363399482027329e-05 1.422926181217298947e+01 7.499999993431746836e-02 7.329243397926078762e-02
1.359619627658944175e-05 1.422799970764715027e+01 7.499999993510052254e-02 7.161139661604157269e-02
1.547517996323321605e-05 1.422599471414007333e+01 7.499999993594348713e-02 6.967988716994251430e-02
1.792996134164963416e-05 1.422303344785023604e+01 7.499999993685757538e-02 6.743437164312417187e-02
2.126556983462309501e-05 1.421879742841974270e+01 7.499999993785740060e-02 6.478798276263950107e-02
2.604458123138110283e-05 1.421278192582427025e+01 7.499999993896253048e-02 6.162023854518960952e-02
3.342892357601147157e-05 1.420411594068076866e+01 7.499999994019922178e-02 5.776434902859945569e-02
4.625346287398124926e-05 1.419110330126508224e+01 7.499999994160130856e-02 5.301104819257955458e-02
7.368116717506390044e-05 1.416969659722169794e+01 7.499999994319664354e-02 4.728367588426853063e-02
1.708074563308675223e-04 1.412515931944072278e+01 7.499999994480344156e-02 4.307614467371520539e-02
2.327810562393569955e-04 1.291892364236414181e+01 7.499999987765414156e-02 8.801901478822544700e-01
1.930284502001090673e-05 1.289724679392954521e+01 7.499999988283405361e-02 6.220828420820924132e-01
7.936251880983355780e-06 1.289630453300963531e+01 7.499999988421082731e-02 4.717065862730600023e-01
4.626999444557728859e-06 1.289808667172589374e+01 7.499999988495635594e-02 3.673071558654780744e-01
3.197626164332592709e-06 1.290083362613984974e+01 7.499999988545787144e-02 2.926964103205618728e-01
2.446344106501590352e-06 1.290403983315003700e+01 7.499999988583691546e-02 2.387992174189692285e-01
2.000513964518258794e-06 1.290750241991724856e+01 7.499999988614503010e-02 1.996701403914672990e-01
1.712703895727170133e-06 1.291112365379878568e+01 7.499999988640806969e-02 1.711911400355395352e-01
1.514836973860993806e-06 1.291485059756255538e+01 7.499999988664048101e-02 1.504417083481910389e-01
1.371832035350895462e-06 1.291865198319436203e+01 7.499999988685097929e-02 1.353154451667201164e-01
1.264182992924911310e-06 1.292250833609775107e+01 7.499999988704506015e-02 1.242969165171337736e-01
1.180304546322842929e-06 1.292640680843646805e+01 7.499999988722645672e-02 1.162804858430017824e-01
1.112946934717822695e-06 1.293033848244861161e+01 7.499999988739773638e-02 1.104517686836703622e-01
1.057499098499337936e-06 1.293429728348828078e+01 7.499999988756070324e-02 1.062309880992705485e-01
1.010822922211865234e-06 1.293827860143174924e+01 7.499999988771670345e-02 1.031823053547782920e-01
9.708020627018323888e-07 1.294227912448437579e+01 7.499999988786673621e-02 1.009933815070251789e-01
9.359220969569543307e-07 1.294629619961747657e+01 7.499999988801160644e-02 9.943021398773010944e-02
9.051045265483377155e-07 1.295032777129402746e+01 7.499999988815191088e-02 9.832294491099625999e-02
8.775780183369335707e-07 1.295437229072627794e+01 7.499999988828813524e-02 9.754960519787443662e-02
8.527407344969840487e-07 1.295842833245778891e+01 7.499999988842069587e-02 9.701717944527522841e-02
8.301602096873843700e-07 1.296249485904940890e+01 7.499999988854993971e-02 9.666054797619932915e-02
8.095078309884329916e-07 1.296657104224366286e+01 7.499999988867608880e-02 9.643203507271061459e-02
7.905098283853358951e-07 1.297065605892421303e+01 7.499999988879940682e-02 9.629504830206730981e-02
7.729381293195388124e-07 1.297474910442852725e+01 7.499999988892014358e-02 9.622256509480163478e-02
7.566288946388203683e-07 1.297884964032552269e+01 7.499999988903846559e-02 9.619634227442841468e-02
7.414453311593790057e-07 1.298295717731924626e+01 7.499999988915451166e-02 9.620264259255234540e-02
7.272743912865872121e-07 1.298707128655242293e+01 7.499999988926844829e-02 9.623149473997438808e-02
7.139883669807823132e-07 1.299119127210242475e+01 7.499999988938045592e-02 9.627495735532401455e-02
