1.001376646653357640e-05 8.895268137520485396e+00 7.500000000000368872e-02 1.013352279652196125e-01
1.001437807926848911e-05 8.895261257097633489e+00 7.500000000000339728e-02 1.013356717085055897e-01
1.001498972935898966e-05 8.895254376674781582e+00 7.500000000000310585e-02 1.013361154517915530e-01
1.001560141680736166e-05 8.895247496251929675e+00 7.500000000000281442e-02 1.013365591950775302e-01
1.001621314161588533e-05 8.895240615829077768e+00 7.500000000000250910e-02 1.013370029383635074e-01
1.001681525881549075e-05 8.895233698759449581e+00 7.500000000000221767e-02 1.013374400317689494e-01
1.001723751651691258e-05 8.895226098197568376e+00 7.500000000000191236e-02 1.013377530994787612e-01
1.001760211588826711e-05 8.895218339348788916e+00 7.500000000000159317e-02 1.013380268112998028e-01
1.001792992091968418e-05 8.895210481141067049e+00 7.500000000000127398e-02 1.013382753555549243e-01
1.001815451197672800e-05 8.895202417181170773e+00 7.500000000000095479e-02 1.013384510138438110e-01
1.001835329800664018e-05 8.895194322797683739e+00 7.500000000000063560e-02 1.013386080250606447e-01
1.001845853775497119e-05 8.895186118143472598e+00 7.500000000000031641e-02 1.013386974497072768e-01
1.001853895332123136e-05 8.895177906593458417e+00 7.500000000000001110e-02 1.013387686648386798e-01
1.001851073997738113e-05 8.895169664869094106e+00 7.499999999999969191e-02 1.013387601995700688e-01
1.001848252671298259e-05 8.895161423144729795e+00 7.499999999999937272e-02 1.013387517343014577e-01
1.001832204881226967e-05 8.895153280226661963e+00 7.499999999999908129e-02 1.013386452678379374e-01
1.001814720756056692e-05 8.895145148040683125e+00 7.499999999999877598e-02 1.013385281567340535e-01
1.001792009992043047e-05 8.895137118294847767e+00 7.499999999999848455e-02 1.013383720433543300e-01
1.001758808244690325e-05 8.895129294172676282e+00 7.499999999999819311e-02 1.013381376423949931e-01
1.001725607597721493e-05 8.895121470050506574e+00 7.499999999999791556e-02 1.013379032414356562e-01
1.001685223746784598e-05 8.895113895950728988e+00 7.499999999999765188e-02 1.013376149358012623e-01
1.001635766543379648e-05 8.895106637686437168e+00 7.499999999999740208e-02 1.013372585362295325e-01
1.001586311781874124e-05 8.895099379422145347e+00 7.499999999999715228e-02 1.013369021366578027e-01
1.001533834586803103e-05 8.895092289272499286e+00 7.499999999999690248e-02 1.013365229207678908e-01
1.001468451055788464e-05 8.895085916619303035e+00 7.499999999999669431e-02 1.013360463271208572e-01
1.001403071793232546e-05 8.895079543966106783e+00 7.499999999999648614e-02 1.013355697334738237e-01
1.001337696798857354e-05 8.895073171312912308e+00 7.499999999999627798e-02 1.013350931398267762e-01
1.001264734967854813e-05 8.895067468285517975e+00 7.499999999999609757e-02 1.013345588991899776e-01
1.001185082545468606e-05 8.895062355964160616e+00 7.499999999999594491e-02 1.013339738056367179e-01
1.001105436459576466e-05 8.895057243642805034e+00 7.499999999999579225e-02 1.013333887120834442e-01
1.001025796709674746e-05 8.895052131321449451e+00 7.499999999999562572e-02 1.013328036185301845e-01
1.000941681732702900e-05 8.895047711156532699e+00 7.499999999999550082e-02 1.013321840662952805e-01
1.000851269331738426e-05 8.895044264778087850e+00 7.499999999999541755e-02 1.013315160345603511e-01
1.000760865097485990e-05 8.895040818399644778e+00 7.499999999999533429e-02 1.013308480028254216e-01
1.000670469029207657e-05 8.895037372021201705e+00 7.499999999999525102e-02 1.013301799710904921e-01
1.000580081126166167e-05 8.895033925642758632e+00 7.499999999999516775e-02 1.013295119393555488e-01
1.000485846545020153e-05 8.895032090166271388e+00 7.499999999999514000e-02 1.013288128229474505e-01
1.000390566157160001e-05 8.895030695473813864e+00 7.499999999999514000e-02 1.013281052009767785e-01
1.000295294843243804e-05 8.895029300781354564e+00 7.499999999999514000e-02 1.013273975790060927e-01
1.000200032602407080e-05 8.895027906088897041e+00 7.499999999999512612e-02 1.013266899570354207e-01
1.000104779433785856e-05 8.895026511396437741e+00 7.499999999999512612e-02 1.013259823350647348e-01
1.000011645171135758e-05 8.895026459018328779e+00 7.499999999999516775e-02 1.013252885256493707e-01
9.999200721524515291e-06 8.895027394503641105e+00 7.499999999999525102e-02 1.013246048814521461e-01
9.998285075192872597e-06 8.895028329988955207e+00 7.499999999999533429e-02 1.013239212372549214e-01
9.997369512708753690e-06 8.895029265474269309e+00 7.499999999999541755e-02 1.013232375930577106e-01
9.996454034064477674e-06 8.895030200959581634e+00 7.499999999999550082e-02 1.013225539488604998e-01
9.995538639252368737e-06 8.895031136444895736e+00 7.499999999999558409e-02 1.013218703046632752e-01
9.994728640900819454e-06 8.895033770072435786e+00 7.499999999999572287e-02 1.013212627009028727e-01
9.993960515125531520e-06 8.895037077876970955e+00 7.499999999999588940e-02 1.013206852858465346e-01
9.993192448383083373e-06 8.895040385681506123e+00 7.499999999999605593e-02 1.013201078707902242e-01
9.992424440668936611e-06 8.895043693486041292e+00 7.499999999999622247e-02 1.013195304557338861e-01
9.991656491978554526e-06 8.895047001290576461e+00 7.499999999999638900e-02 1.013189530406775618e-01
9.990888602307403796e-06 8.895050309095111629e+00 7.499999999999655553e-02 1.013183756256212237e-01
9.990150621859170084e-06 8.895053845754217647e+00 7.499999999999673594e-02 1.013178200932468714e-01
9.989625431097474501e-06 8.895059013504893031e+00 7.499999999999695799e-02 1.013174205230523983e-01
9.989100267945509012e-06 8.895064181255568414e+00 7.499999999999718003e-02 1.013170209528579252e-01
9.988575132401818416e-06 8.895069349006243797e+00 7.499999999999740208e-02 1.013166213826634660e-01
9.988050024464950897e-06 8.895074516756919181e+00 7.499999999999762412e-02 1.013162218124689928e-01
9.987524944133458030e-06 8.895079684507594564e+00 7.499999999999784617e-02 1.013158222422745336e-01
9.986999891405887999e-06 8.895084852258269947e+00 7.499999999999808209e-02 1.013154226720800605e-01
