1.000580092277394898e-05 8.639239763096489000e+00 7.500000000000305034e-02 1.013291774011436802e-01
1.000634102070245242e-05 8.639236449579938082e+00 7.500000000000289768e-02 1.013295826980693259e-01
1.000688114778462205e-05 8.639233136063387164e+00 7.500000000000274503e-02 1.013299879949949855e-01
1.000742130402202994e-05 8.639229822546834470e+00 7.500000000000259237e-02 1.013303932919206174e-01
1.000796148941624988e-05 8.639226509030283552e+00 7.500000000000243972e-02 1.013307985888462631e-01
1.000850170396885567e-05 8.639223195513732634e+00 7.500000000000228706e-02 1.013312038857718950e-01
1.000899402769616859e-05 8.639219582386502339e+00 7.500000000000212053e-02 1.013315748499648283e-01
1.000941070795222112e-05 8.639215496181657628e+00 7.500000000000194011e-02 1.013318916036487494e-01
1.000978174414765830e-05 8.639211194786250658e+00 7.500000000000175970e-02 1.013321758820421720e-01
1.001013358157198763e-05 8.639206802850178946e+00 7.500000000000157929e-02 1.013324464965723731e-01
1.001042371915953196e-05 8.639202183484332664e+00 7.500000000000138500e-02 1.013326723853320982e-01
1.001069933946188534e-05 8.639197510587868223e+00 7.500000000000119071e-02 1.013328877468947509e-01
1.001091490951126223e-05 8.639192679477513792e+00 7.500000000000099643e-02 1.013330590354354355e-01
1.001110199883889254e-05 8.639187773327778430e+00 7.500000000000080214e-02 1.013332094205512124e-01
1.001126068391461429e-05 8.639182823672241440e+00 7.500000000000060785e-02 1.013333387788260403e-01
1.001134658037433706e-05 8.639177762539997474e+00 7.500000000000039968e-02 1.013334142591588577e-01
1.001143247757104796e-05 8.639172701407753507e+00 7.500000000000020539e-02 1.013334897394917028e-01
1.001145236329742448e-05 8.639167618328290388e+00 7.500000000000001110e-02 1.013335160423125408e-01
1.001142511815443723e-05 8.639162519579054234e+00 7.499999999999981681e-02 1.013335072336074005e-01
1.001139787308559246e-05 8.639157420829819856e+00 7.499999999999962252e-02 1.013334984249022880e-01
1.001130328998856680e-05 8.639152391942580778e+00 7.499999999999944211e-02 1.013334391710902088e-01
1.001115339179193682e-05 8.639147420445521419e+00 7.499999999999924782e-02 1.013333384776688578e-01
1.001100349583971207e-05 8.639142448948463837e+00 7.499999999999906741e-02 1.013332377842474930e-01
1.001083640227508544e-05 8.639137524226741860e+00 7.499999999999888700e-02 1.013331241330816257e-01
1.001055935745150517e-05 8.639132898534034766e+00 7.499999999999873435e-02 1.013329276446393867e-01
1.001028232029499948e-05 8.639128272841325895e+00 7.499999999999856781e-02 1.013327311561971061e-01
1.001000529080535830e-05 8.639123647148618801e+00 7.499999999999840128e-02 1.013325346677548533e-01
1.000969198370539326e-05 8.639119203719667794e+00 7.499999999999824862e-02 1.013323106548286584e-01
1.000929189428676180e-05 8.639115196270607200e+00 7.499999999999810985e-02 1.013320208025838692e-01
1.000889182085978543e-05 8.639111188821546605e+00 7.499999999999798495e-02 1.013317309503390662e-01
1.000849176342382379e-05 8.639107181372486011e+00 7.499999999999784617e-02 1.013314410980942631e-01
1.000809172197823992e-05 8.639103173923427192e+00 7.499999999999770739e-02 1.013311512458494740e-01
1.000758846253506265e-05 8.639100075368379095e+00 7.499999999999762412e-02 1.013307822519838169e-01
1.000708250496491742e-05 8.639097000792354208e+00 7.499999999999752698e-02 1.013304111701534699e-01
1.000657657297466914e-05 8.639093926216327546e+00 7.499999999999742983e-02 1.013300400883231089e-01
1.000607066656302185e-05 8.639090851640302660e+00 7.499999999999734657e-02 1.013296690064927619e-01
1.000555671394005026e-05 8.639087920105726681e+00 7.499999999999726330e-02 1.013292915866626925e-01
1.000497988215379366e-05 8.639086103391836247e+00 7.499999999999722167e-02 1.013288647704291695e-01
1.000440308362254862e-05 8.639084286677945812e+00 7.499999999999718003e-02 1.013284379541956187e-01
1.000382631834440085e-05 8.639082469964057154e+00 7.499999999999713840e-02 1.013280111379620818e-01
1.000324958631742929e-05 8.639080653250166719e+00 7.499999999999709677e-02 1.013275843217285449e-01
1.000267288753971962e-05 8.639078836536276285e+00 7.499999999999705513e-02 1.013271575054950080e-01
1.000208693681130125e-05 8.639078008753060089e+00 7.499999999999705513e-02 1.013267216698227613e-01
1.000149592292016080e-05 8.639077723915782769e+00 7.499999999999706901e-02 1.013262808822689293e-01
1.000090494395147219e-05 8.639077439078503673e+00 7.499999999999708289e-02 1.013258400947150834e-01
1.000031399990317541e-05 8.639077154241226353e+00 7.499999999999711064e-02 1.013253993071612513e-01
9.999723090773205407e-06 8.639076869403947256e+00 7.499999999999712452e-02 1.013249585196074054e-01
9.999132216559498807e-06 8.639076584566669936e+00 7.499999999999713840e-02 1.013245177320535595e-01
9.998572903838723487e-06 8.639077118412934908e+00 7.499999999999719391e-02 1.013240987822410233e-01
9.998045926083863648e-06 8.639078491166793938e+00 7.499999999999727718e-02 1.013237022096304119e-01
9.997518976103522470e-06 8.639079863920651192e+00 7.499999999999734657e-02 1.013233056370198421e-01
9.996992053896237973e-06 8.639081236674510222e+00 7.499999999999742983e-02 1.013229090644092584e-01
9.996465159460544791e-06 8.639082609428367476e+00 7.499999999999751310e-02 1.013225124917986608e-01
9.995938292794977556e-06 8.639083982182226507e+00 7.499999999999758249e-02 1.013221159191880633e-01
9.995411453898075984e-06 8.639085354936083760e+00 7.499999999999766576e-02 1.013217193465774935e-01
9.994952000353907694e-06 8.639087423998397242e+00 7.499999999999776290e-02 1.013213715385824915e-01
9.994542704968392111e-06 8.639090011372694278e+00 7.499999999999788780e-02 1.013210600295647301e-01
9.994133426343608734e-06 8.639092598746991314e+00 7.499999999999801270e-02 1.013207485205469549e-01
9.993724164478871467e-06 8.639095186121290126e+00 7.499999999999812372e-02 1.013204370115291797e-01
9.993314919373494213e-06 8.639097773495587163e+00 7.499999999999824862e-02 1.013201255025114045e-01
