1.000825316522141166e-05 9.535868561748063854e+00 7.500000000000243972e-02 1.013310999966533926e-01
1.000863412861923308e-05 9.535864283339817504e+00 7.500000000000225930e-02 1.013313812809549241e-01
1.000901510651839747e-05 9.535860004931572931e+00 7.500000000000206501e-02 1.013316625652564695e-01
1.000939609891945709e-05 9.535855726523328357e+00 7.500000000000188460e-02 1.013319438495580149e-01
1.000977710582296252e-05 9.535851448115082007e+00 7.500000000000170419e-02 1.013322251338595464e-01
1.001015812722946772e-05 9.535847169706837434e+00 7.500000000000152378e-02 1.013325064181610918e-01
1.001053916313952495e-05 9.535842891298592860e+00 7.500000000000134337e-02 1.013327877024626372e-01
1.001081218905558738e-05 9.535838189303799339e+00 7.500000000000114908e-02 1.013329897976809335e-01
1.001104963742684014e-05 9.535833347775650282e+00 7.500000000000095479e-02 1.013331658072775115e-01
1.001123314171098231e-05 9.535828372772032324e+00 7.500000000000074662e-02 1.013333025920125086e-01
1.001139238421436020e-05 9.535823337735573446e+00 7.500000000000055234e-02 1.013334217347056782e-01
1.001151859055671207e-05 9.535818256181528341e+00 7.500000000000035805e-02 1.013335166319850184e-01
1.001158842513790780e-05 9.535813095255972982e+00 7.500000000000014988e-02 1.013335701600708572e-01
1.001165826020622880e-05 9.535807934330417623e+00 7.499999999999995559e-02 1.013336236881566960e-01
1.001165190694447565e-05 9.535802754767289002e+00 7.499999999999976130e-02 1.013336210050812258e-01
1.001162139214157699e-05 9.535797569293643861e+00 7.499999999999956701e-02 1.013336004958177022e-01
1.001159087743168424e-05 9.535792383820000495e+00 7.499999999999937272e-02 1.013335799865541925e-01
1.001147006927043257e-05 9.535787295804855290e+00 7.499999999999917843e-02 1.013334926511931522e-01
1.001132979789424631e-05 9.535782228799309479e+00 7.499999999999899802e-02 1.013333909098084046e-01
1.001118952848341366e-05 9.535777161793761891e+00 7.499999999999881761e-02 1.013332891684236570e-01
1.001098922531729572e-05 9.535772255687225751e+00 7.499999999999863720e-02 1.013331429081344437e-01
1.001073329059840420e-05 9.535767498690876920e+00 7.499999999999847067e-02 1.013329553907728747e-01
1.001047736242257961e-05 9.535762741694526312e+00 7.499999999999830413e-02 1.013327678734113335e-01
1.001022144078965594e-05 9.535757984698175704e+00 7.499999999999813760e-02 1.013325803560497923e-01
1.000987303112418835e-05 9.535753671507896101e+00 7.499999999999799882e-02 1.013323241523044621e-01
1.000950185897674949e-05 9.535749467598829909e+00 7.499999999999786005e-02 1.013320510354704662e-01
1.000913070059259992e-05 9.535745263689763718e+00 7.499999999999772127e-02 1.013317779186364564e-01
1.000875955597122633e-05 9.535741059780699302e+00 7.499999999999758249e-02 1.013315048018024467e-01
1.000832330594736538e-05 9.535737379148786275e+00 7.499999999999745759e-02 1.013311832614917779e-01
1.000784737537351753e-05 9.535734017545680175e+00 7.499999999999736044e-02 1.013308321986155780e-01
1.000737146743182591e-05 9.535730655942574074e+00 7.499999999999726330e-02 1.013304811357393920e-01
1.000689558212120970e-05 9.535727294339469751e+00 7.499999999999715228e-02 1.013301300728632198e-01
1.000641971944059487e-05 9.535723932736363651e+00 7.499999999999705513e-02 1.013297790099870199e-01
1.000587057100368149e-05 9.535721632622454536e+00 7.499999999999699962e-02 1.013293733152438453e-01
1.000531485476306704e-05 9.535719428050892787e+00 7.499999999999694411e-02 1.013289627032044615e-01
1.000475916938638670e-05 9.535717223479331039e+00 7.499999999999688860e-02 1.013285520911650917e-01
1.000420351487192609e-05 9.535715018907769291e+00 7.499999999999683309e-02 1.013281414791257218e-01
1.000364789121797419e-05 9.535712814336207543e+00 7.499999999999679146e-02 1.013277308670863519e-01
1.000306962156771093e-05 9.535711518537667075e+00 7.499999999999676370e-02 1.013273032113262695e-01
1.000247781647652501e-05 9.535710766542779382e+00 7.499999999999677758e-02 1.013268653567185595e-01
1.000188604639791691e-05 9.535710014547891689e+00 7.499999999999677758e-02 1.013264275021108357e-01
1.000129431132981819e-05 9.535709262553002219e+00 7.499999999999677758e-02 1.013259896475031396e-01
1.000070261127015361e-05 9.535708510558114526e+00 7.499999999999677758e-02 1.013255517928954297e-01
1.000011094621685640e-05 9.535707758563226832e+00 7.499999999999679146e-02 1.013251139382877197e-01
9.999538499021248391e-06 9.535708116955058600e+00 7.499999999999683309e-02 1.013246900057431926e-01
9.998975431959046095e-06 9.535709016443053798e+00 7.499999999999690248e-02 1.013242728574791779e-01
9.998412396602757464e-06 9.535709915931050773e+00 7.499999999999695799e-02 1.013238557092151909e-01
9.997849392950600340e-06 9.535710815419047748e+00 7.499999999999702738e-02 1.013234385609512039e-01
9.997286421000785791e-06 9.535711714907044723e+00 7.499999999999709677e-02 1.013230214126872031e-01
9.996723480751531658e-06 9.535712614395041697e+00 7.499999999999715228e-02 1.013226042644232161e-01
9.996160572201050703e-06 9.535713513883038672e+00 7.499999999999722167e-02 1.013221871161592152e-01
9.995706609873904655e-06 9.535716012890921078e+00 7.499999999999734657e-02 1.013218501776936009e-01
9.995255469020897121e-06 9.535718553033873945e+00 7.499999999999745759e-02 1.013215153019942083e-01
9.994804348529438473e-06 9.535721093176825036e+00 7.499999999999758249e-02 1.013211804262948157e-01
9.994353248398608834e-06 9.535723633319777903e+00 7.499999999999770739e-02 1.013208455505954231e-01
9.993902168627490020e-06 9.535726173462728994e+00 7.499999999999783229e-02 1.013205106748960305e-01
9.993451109215163846e-06 9.535728713605681861e+00 7.499999999999794331e-02 1.013201757991966379e-01
9.993000070160710436e-06 9.535731253748632952e+00 7.499999999999806821e-02 1.013198409234972591e-01
9.992596678352814492e-06 9.535734143829136755e+00 7.499999999999819311e-02 1.013195410740148489e-01
9.992253838284937301e-06 9.535737478708155024e+00 7.499999999999834577e-02 1.013192857456455959e-01
