3.790829994322287086e-06 1.290565041507278110e+01 7.499999991975016267e-02 8.636193474338432763e-02
3.931152710603456265e-06 1.290837577913868905e+01 7.499999992012169880e-02 8.600005968720056404e-02
4.081957813279521944e-06 1.291103656600722793e+01 7.499999992050319919e-02 8.561807733612120108e-02
4.244450475665887966e-06 1.291362778525207844e+01 7.499999992089528833e-02 8.521417437198869349e-02
4.420014138330168645e-06 1.291614398999774416e+01 7.499999992129861848e-02 8.478635398053822880e-02
4.610262311551773259e-06 1.291857901476162596e+01 7.499999992171395291e-02 8.433234234364535287e-02
4.817089756455195200e-06 1.292092583400719619e+01 7.499999992214211042e-02 8.384953459183412672e-02
5.042707994445035350e-06 1.292317669095681687e+01 7.499999992258399306e-02 8.333502875154891187e-02
5.289751349773705483e-06 1.292532260811634615e+01 7.499999992304062779e-02 8.278545504616635631e-02
5.561340618475186515e-06 1.292735353033831558e+01 7.499999992351309708e-02 8.219701274456749085e-02
5.861282993650775132e-06 1.292925738305810768e+01 7.499999992400274706e-02 8.156513847108387560e-02
6.194119109415407282e-06 1.293102087678720125e+01 7.499999992451096553e-02 8.088476790005978689e-02
6.565438905597605307e-06 1.293262820931660606e+01 7.499999992503936230e-02 8.014987979910709326e-02
6.982194672404625081e-06 1.293406050035351385e+01 7.499999992558983863e-02 7.935328217499798553e-02
7.452996981688465416e-06 1.293529602075351725e+01 7.499999992616449007e-02 7.848668566206673525e-02
7.988842225454704046e-06 1.293630809027764883e+01 7.499999992676580074e-02 7.753995650192654909e-02
8.603773455907581040e-06 1.293706500525181369e+01 7.499999992739662946e-02 7.650110091671109835e-02
9.316181321434234994e-06 1.293752751999133999e+01 7.499999992806033466e-02 7.535539718429039302e-02
1.015045038319708398e-05 1.293764723286270879e+01 7.499999992876091315e-02 7.408489680949134626e-02
1.113970441429407752e-05 1.293736282590694131e+01 7.499999992950313887e-02 7.266723431254226706e-02
1.232994595774005867e-05 1.293659561895766963e+01 7.499999993029278500e-02 7.107435600408554266e-02
1.378685688928138168e-05 1.293524249831753714e+01 7.499999993113691532e-02 6.927062080963558577e-02
1.560747714815933005e-05 1.293316437864749169e+01 7.499999993204432835e-02 6.720994163039685498e-02
1.794072861603067664e-05 1.293016881183344147e+01 7.499999993302605694e-02 6.483218379416821886e-02
2.102700495245781346e-05 1.292597777446145457e+01 7.499999993409624255e-02 6.205730854311284489e-02
2.527806452165222957e-05 1.292017256824173010e+01 7.499999993527314834e-02 5.877851826818152742e-02
3.145748835318617820e-05 1.291208183730726766e+01 7.499999993658050534e-02 5.485388991916947260e-02
4.113979845697832377e-05 1.290053737084648056e+01 7.499999993804842835e-02 5.010593940223047327e-02
5.809516438050384298e-05 1.288326131198282631e+01 7.499999993970940526e-02 4.437867646674677202e-02
9.366332862558295080e-05 1.285496126187297072e+01 7.499999994156286709e-02 3.795548816569645906e-02
1.976351569842438695e-04 1.279907487171531955e+01 7.499999994328777897e-02 3.489298170656670445e-02
5.991998819071973556e-04 1.263782638228309274e+01 7.499999994138513426e-02 7.621748005584957908e-02
1.446126315471306628e-04 1.247679055713953389e+01 7.499999994012156168e-02 9.414513894263244753e-02
5.001994853017397119e-05 1.244453282531844351e+01 7.499999994197449615e-02 7.505168423500432895e-02
2.807772246782941635e-05 1.243259282058907189e+01 7.499999994326884967e-02 6.722110326018111703e-02
1.922590237785031908e-05 1.242681158074626779e+01 7.499999994423753313e-02 6.508040787233268509e-02
1.459186682124326090e-05 1.242385987042536755e+01 7.499999994501573009e-02 6.564131075054949194e-02
1.177702385601878825e-05 1.242250456022689953e+01 7.499999994567059514e-02 6.744981389209005196e-02
9.895808778869120658e-06 1.242216704796806326e+01 7.499999994623920974e-02 6.976535180598597563e-02
8.552591132931696100e-06 1.242253295276624669e+01 7.499999994674401427e-02 7.220349637103466722e-02
7.546249012640319825e-06 1.242341355780538947e+01 7.499999994719956653e-02 7.456786225913909771e-02
6.764449399333223744e-06 1.242468699872626203e+01 7.499999994761591404e-02 7.676438583689153272e-02
6.139754944677495172e-06 1.242626999957778011e+01 7.499999994800020386e-02 7.875529885962898047e-02
5.629339915429762168e-06 1.242810321587136357e+01 7.499999994835780670e-02 8.053337523887696414e-02
5.204702597137378907e-06 1.243014275767330901e+01 7.499999994869280262e-02 8.210743723196944899e-02
4.846144647852966339e-06 1.243235525420240606e+01 7.499999994900839739e-02 8.349399218346843787e-02
4.539595258687206376e-06 1.243471465036302348e+01 7.499999994930715841e-02 8.471259276697939988e-02
4.274781260823536596e-06 1.243720049160047481e+01 7.499999994959116734e-02 8.578283836707510657e-02
4.043941971131336947e-06 1.243979598227619654e+01 7.499999994986215890e-02 8.672366118551400049e-02
3.841132558571465283e-06 1.244248733122434736e+01 7.499999995012159026e-02 8.755231685335092273e-02
3.661745829641406951e-06 1.244526323978885429e+01 7.499999995037068268e-02 8.828394188460549075e-02
3.502147429415623285e-06 1.244811430064997104e+01 7.499999995061046310e-02 8.893168570975690246e-02
3.359390392776153501e-06 1.245103233182813440e+01 7.499999995084181970e-02 8.950715150088514593e-02
3.231085247151865623e-06 1.245401034540009100e+01 7.499999995106555739e-02 9.002027700109312136e-02
3.115265306989329600e-06 1.245704226756399180e+01 7.499999995128238395e-02 9.047958999139454894e-02
3.010361671842101513e-06 1.246012324729143295e+01 7.499999995149284060e-02 9.089195451570278306e-02
2.915015578778876877e-06 1.246324870439596921e+01 7.499999995169745470e-02 9.126355226766648399e-02
2.828041646935741384e-06 1.246641430203441203e+01 7.499999995189676749e-02 9.159990021277762684e-02
2.748534647884699263e-06 1.246961694556888567e+01 7.499999995209111203e-02 9.190506205698446840e-02
2.675645196847426710e-06 1.247285330735762443e+01 7.499999995228093241e-02 9.218299288283447745e-02
