2.020476618781685829e-03 -3.722957968711853027e-01 2.026534639298915863e-04 -3.731936812400817871e-01
2.030907431617379189e-03 -3.723012804985046387e-01 1.996955834329128265e-04 -3.731964230537414551e-01
2.041025320068001747e-03 -3.723062574863433838e-01 1.968531869351863861e-04 -3.731984794139862061e-01
2.050763228908181190e-03 -3.723110258579254150e-01 1.941039226949214935e-04 -3.731998801231384277e-01
2.060128608718514442e-03 -3.723156154155731201e-01 1.914887689054012299e-04 -3.732008635997772217e-01
2.069218317046761513e-03 -3.723199069499969482e-01 1.890002749860286713e-04 -3.732013106346130371e-01
2.077950397506356239e-03 -3.723241686820983887e-01 1.866160891950130463e-04 -3.732014894485473633e-01
2.086377004161477089e-03 -3.723284304141998291e-01 1.843362115323543549e-04 -3.732013404369354248e-01
2.094520488753914833e-03 -3.723326325416564941e-01 1.821606419980525970e-04 -3.732008934020996094e-01
2.102388301864266396e-03 -3.723368048667907715e-01 1.800707541406154633e-04 -3.732002973556518555e-01
2.109972992911934853e-03 -3.723410665988922119e-01 1.780702732503414154e-04 -3.731995224952697754e-01
2.117341617122292519e-03 -3.723454773426055908e-01 1.761964522302150726e-04 -3.731986284255981445e-01
2.124494174495339394e-03 -3.723498880863189697e-01 1.743375323712825775e-04 -3.731976747512817383e-01
2.131430665031075478e-03 -3.723544776439666748e-01 1.725903712213039398e-04 -3.731966316699981689e-01
2.138113835826516151e-03 -3.723591566085815430e-01 1.709624193608760834e-04 -3.731955587863922119e-01
2.144655445590615273e-03 -3.723639845848083496e-01 1.693456433713436127e-04 -3.731944561004638672e-01
2.151025692000985146e-03 -3.723689019680023193e-01 1.677959226071834564e-04 -3.731933832168579102e-01
2.157224575057625771e-03 -3.723739087581634521e-01 1.663132570683956146e-04 -3.731922805309295654e-01
2.163304248824715614e-03 -3.723791539669036865e-01 1.648082397878170013e-04 -3.731912672519683838e-01
2.169234910979866982e-03 -3.723844587802886963e-01 1.634447835385799408e-04 -3.731902539730072021e-01
2.175009110942482948e-03 -3.723898828029632568e-01 1.620962284505367279e-04 -3.731892406940460205e-01
2.180731156840920448e-03 -3.723953664302825928e-01 1.607923768460750580e-04 -3.731883168220520020e-01
2.186371246352791786e-03 -3.724010288715362549e-01 1.594959758222103119e-04 -3.731874525547027588e-01
2.191929379478096962e-03 -3.724067211151123047e-01 1.581883989274501801e-04 -3.731866478919982910e-01
2.197398105636239052e-03 -3.724125921726226807e-01 1.569143496453762054e-04 -3.731859326362609863e-01
2.202784875407814980e-03 -3.724184036254882812e-01 1.556850038468837738e-04 -3.731852769851684570e-01
2.208141842857003212e-03 -3.724244534969329834e-01 1.544668339192867279e-04 -3.731846213340759277e-01
2.213454106822609901e-03 -3.724304139614105225e-01 1.532114110887050629e-04 -3.731840848922729492e-01
2.218751469627022743e-03 -3.724365532398223877e-01 1.520006917417049408e-04 -3.731836080551147461e-01
2.223981777206063271e-03 -3.724426925182342529e-01 1.507415436208248138e-04 -3.731831908226013184e-01
2.229197183623909950e-03 -3.724487721920013428e-01 1.495159231126308441e-04 -3.731828331947326660e-01
2.234457293525338173e-03 -3.724550306797027588e-01 1.482344232499599457e-04 -3.731825351715087891e-01
2.239642897620797157e-03 -3.724612295627593994e-01 1.469715498387813568e-04 -3.731822967529296875e-01
2.244873205199837685e-03 -3.724675476551055908e-01 1.456676982343196869e-04 -3.731821477413177490e-01
2.250081161037087440e-03 -3.724737763404846191e-01 1.443675719201564789e-04 -3.731820881366729736e-01
2.255251863971352577e-03 -3.724800646305084229e-01 1.430152915418148041e-04 -3.731820583343505859e-01
2.260579029098153114e-03 -3.724862635135650635e-01 1.416592858731746674e-04 -3.731820285320281982e-01
2.265772083774209023e-03 -3.724926412105560303e-01 1.402585767209529877e-04 -3.731821477413177490e-01
2.270972589030861855e-03 -3.724988400936126709e-01 1.388727687299251556e-04 -3.731822371482849121e-01
2.276351908221840858e-03 -3.725051283836364746e-01 1.373603008687496185e-04 -3.731824159622192383e-01
2.281619468703866005e-03 -3.725113868713378906e-01 1.358850859105587006e-04 -3.731825947761535645e-01
2.286931732669472694e-03 -3.725175559520721436e-01 1.343688927590847015e-04 -3.731828331947326660e-01
2.292281249538064003e-03 -3.725237846374511719e-01 1.327968202531337738e-04 -3.731831908226013184e-01
2.297697821632027626e-03 -3.725301325321197510e-01 1.312135718762874603e-04 -3.731836080551147461e-01
2.302987733855843544e-03 -3.725362718105316162e-01 1.295446418225765228e-04 -3.731839656829833984e-01
2.308471361175179482e-03 -3.725424408912658691e-01 1.278347335755825043e-04 -3.731844723224639893e-01
2.313902834430336952e-03 -3.725486695766448975e-01 1.261360011994838715e-04 -3.731850087642669678e-01
2.319349208846688271e-03 -3.725548386573791504e-01 1.243590377271175385e-04 -3.731855750083923340e-01
2.324847737327218056e-03 -3.725609481334686279e-01 1.225336454808712006e-04 -3.731861114501953125e-01
2.330338815227150917e-03 -3.725670874118804932e-01 1.207492314279079437e-04 -3.731867074966430664e-01
2.335844794288277626e-03 -3.725731670856475830e-01 1.187636516988277435e-04 -3.731873929500579834e-01
2.341283718124032021e-03 -3.725793659687042236e-01 1.168153248727321625e-04 -3.731881380081176758e-01
2.346819499507546425e-03 -3.725855052471160889e-01 1.147999428212642670e-04 -3.731889128684997559e-01
2.352355280891060829e-03 -3.725915551185607910e-01 1.128106378018856049e-04 -3.731895685195922852e-01
2.357920864596962929e-03 -3.725976049900054932e-01 1.107207499444484711e-04 -3.731904029846191406e-01
2.363397041335701942e-03 -3.726037144660949707e-01 1.085973344743251801e-04 -3.731912374496459961e-01
2.368932822719216347e-03 -3.726097643375396729e-01 1.064329408109188080e-04 -3.731920421123504639e-01
2.374483505263924599e-03 -3.726158440113067627e-01 1.042275689542293549e-04 -3.731928467750549316e-01
2.379967132583260536e-03 -3.726219236850738525e-01 1.019886694848537445e-04 -3.731937408447265625e-01
2.385413506999611855e-03 -3.726279735565185547e-01 9.972369298338890076e-05 -3.731946349143981934e-01
2.390934387221932411e-03 -3.726340234279632568e-01 9.742518886923789978e-05 -3.731955885887145996e-01
2.396380761638283730e-03 -3.726401329040527344e-01 9.504100307822227478e-05 -3.731964826583862305e-01
2.401789883151650429e-03 -3.726461231708526611e-01 9.263446554541587830e-05 -3.731974661350250244e-01
2.407206455245614052e-03 -3.726522028446197510e-01 9.020185098052024841e-05 -3.731983900070190430e-01
2.412593225017189980e-03 -3.726582825183868408e-01 8.782511577010154724e-05 -3.731993138790130615e-01
2.417838433757424355e-03 -3.726644217967987061e-01 8.530309423804283142e-05 -3.732002973556518555e-01
2.423113444820046425e-03 -3.726705014705657959e-01 8.277734741568565369e-05 -3.732012510299682617e-01
2.428373554721474648e-03 -3.726765215396881104e-01 8.025160059332847595e-05 -3.732021450996398926e-01
2.433477202430367470e-03 -3.726826012134552002e-01 7.773330435156822205e-05 -3.732031285762786865e-01
2.438647905364632607e-03 -3.726887404918670654e-01 7.512560114264488220e-05 -3.732040226459503174e-01
2.443662146106362343e-03 -3.726949095726013184e-01 7.249554619193077087e-05 -3.732049763202667236e-01
2.448631683364510536e-03 -3.727009594440460205e-01 6.988039240241050720e-05 -3.732059597969055176e-01
2.453571418300271034e-03 -3.727071583271026611e-01 6.725778803229331970e-05 -3.732067942619323730e-01
2.458369592204689980e-03 -3.727133572101593018e-01 6.460538133978843689e-05 -3.732077777385711670e-01
2.463190117850899696e-03 -3.727194368839263916e-01 6.190082058310508728e-05 -3.732085824012756348e-01
2.467891434207558632e-03 -3.727256059646606445e-01 5.925586447119712830e-05 -3.732094466686248779e-01
2.472518244758248329e-03 -3.727318346500396729e-01 5.650287494063377380e-05 -3.732103705406188965e-01
2.477010944858193398e-03 -3.727380037307739258e-01 5.385791882872581482e-05 -3.732111752033233643e-01
2.481466392055153847e-03 -3.727441728115081787e-01 5.115335807204246521e-05 -3.732119500637054443e-01
2.485787728801369667e-03 -3.727504014968872070e-01 4.846369847655296326e-05 -3.732126951217651367e-01
2.490064362064003944e-03 -3.727566599845886230e-01 4.575913771986961365e-05 -3.732134997844696045e-01
2.494221786037087440e-03 -3.727629482746124268e-01 4.304712638258934021e-05 -3.732141852378845215e-01
2.498312154784798622e-03 -3.727691471576690674e-01 4.034629091620445251e-05 -3.732148408889770508e-01
2.502223709598183632e-03 -3.727754056453704834e-01 3.768270835280418396e-05 -3.732155263423919678e-01
2.506075659766793251e-03 -3.727816939353942871e-01 3.489991649985313416e-05 -3.732160925865173340e-01
2.509838202968239784e-03 -3.727880120277404785e-01 3.227358683943748474e-05 -3.732166886329650879e-01
2.513451734557747841e-03 -3.727943003177642822e-01 2.961372956633567810e-05 -3.732172250747680664e-01
2.516968408599495888e-03 -3.728005588054656982e-01 2.692406997084617615e-05 -3.732177913188934326e-01
2.520358422771096230e-03 -3.728069365024566650e-01 2.422323450446128845e-05 -3.732182383537292480e-01
2.523681381717324257e-03 -3.728132247924804688e-01 2.161553129553794861e-05 -3.732186555862426758e-01
2.526862779632210732e-03 -3.728194534778594971e-01 1.904135569930076599e-05 -3.732190430164337158e-01
2.529932418838143349e-03 -3.728258907794952393e-01 1.643737778067588806e-05 -3.732194006443023682e-01
2.532875398173928261e-03 -3.728322386741638184e-01 1.383712515234947205e-05 -3.732196688652038574e-01
2.535751322284340858e-03 -3.728385567665100098e-01 1.128902658820152283e-05 -3.732199668884277344e-01
2.538463333621621132e-03 -3.728449940681457520e-01 8.707400411367416382e-06 -3.732202649116516113e-01
2.541078487411141396e-03 -3.728513419628143311e-01 6.129499524831771851e-06 -3.732204437255859375e-01
2.543552080169320107e-03 -3.728576600551605225e-01 3.734137862920761108e-06 -3.732205629348754883e-01
2.545899013057351112e-03 -3.728640675544738770e-01 1.241918653249740601e-06 -3.732207417488098145e-01
2.548141637817025185e-03 -3.728704750537872314e-01 -1.186970621347427368e-06 -3.732208311557769775e-01
2.550250152125954628e-03 -3.728768825531005859e-01 -3.615859895944595337e-06 -3.732208013534545898e-01
2.552306512370705605e-03 -3.728832900524139404e-01 -6.059650331735610962e-06 -3.732208013534545898e-01
2.554146805778145790e-03 -3.728896677494049072e-01 -8.361879736185073853e-06 -3.732208609580993652e-01
2.555957296863198280e-03 -3.728960454463958740e-01 -1.071998849511146545e-05 -3.732207417488098145e-01
2.557611325755715370e-03 -3.729024827480316162e-01 -1.307064667344093323e-05 -3.732206225395202637e-01
2.559131244197487831e-03 -3.729088008403778076e-01 -1.534307375550270081e-05 -3.732204735279083252e-01
2.560576656833291054e-03 -3.729152977466583252e-01 -1.756707206368446350e-05 -3.732203245162963867e-01
2.561858156695961952e-03 -3.729216754436492920e-01 -1.982087269425392151e-05 -3.732201457023620605e-01
2.563042799010872841e-03 -3.729280531406402588e-01 -2.198899164795875549e-05 -3.732198774814605713e-01
2.564197639003396034e-03 -3.729344606399536133e-01 -2.415338531136512756e-05 -3.732196092605590820e-01
2.565099159255623817e-03 -3.729408681392669678e-01 -2.628425136208534241e-05 -3.732192516326904297e-01
2.566030481830239296e-03 -3.729473054409027100e-01 -2.837041392922401428e-05 -3.732189238071441650e-01
2.566782990470528603e-03 -3.729536831378936768e-01 -3.044912591576576233e-05 -3.732185661792755127e-01
2.567408839240670204e-03 -3.729601800441741943e-01 -3.255764022469520569e-05 -3.732182085514068604e-01
2.568012336269021034e-03 -3.729665577411651611e-01 -3.452459350228309631e-05 -3.732178509235382080e-01
2.568466821685433388e-03 -3.729729950428009033e-01 -3.649899736046791077e-05 -3.732174038887023926e-01
2.568854251876473427e-03 -3.729793727397918701e-01 -3.845477476716041565e-05 -3.732169270515441895e-01
2.569040516391396523e-03 -3.729857504367828369e-01 -4.039565101265907288e-05 -3.732164204120635986e-01
2.569226780906319618e-03 -3.729921579360961914e-01 -4.232162609696388245e-05 -3.732159137725830078e-01
2.569286385551095009e-03 -3.729985952377319336e-01 -4.413211718201637268e-05 -3.732154965400695801e-01
2.569204429164528847e-03 -3.730049431324005127e-01 -4.600966349244117737e-05 -3.732148408889770508e-01
2.569085219874978065e-03 -3.730114102363586426e-01 -4.778290167450904846e-05 -3.732143342494964600e-01
2.568854251876473427e-03 -3.730178177356719971e-01 -4.965672269463539124e-05 -3.732137978076934814e-01
2.568600932136178017e-03 -3.730241954326629639e-01 -5.142251029610633850e-05 -3.732131719589233398e-01
2.568176249042153358e-03 -3.730306327342987061e-01 -5.321810021996498108e-05 -3.732126355171203613e-01
2.567691961303353310e-03 -3.730370104312896729e-01 -5.492800846695899963e-05 -3.732120692729949951e-01
2.567177871242165565e-03 -3.730433881282806396e-01 -5.660066381096839905e-05 -3.732114434242248535e-01
2.566529670730233192e-03 -3.730497658252716064e-01 -5.829567089676856995e-05 -3.732108473777770996e-01
2.565836766734719276e-03 -3.730562031269073486e-01 -5.996832624077796936e-05 -3.732102215290069580e-01
2.565047005191445351e-03 -3.730626106262207031e-01 -6.157765164971351624e-05 -3.732095956802368164e-01
2.564205089583992958e-03 -3.730690479278564453e-01 -6.326148286461830139e-05 -3.732090592384338379e-01
2.563266316428780556e-03 -3.730753958225250244e-01 -6.491178646683692932e-05 -3.732083439826965332e-01
2.562223235145211220e-03 -3.730818629264831543e-01 -6.653228774666786194e-05 -3.732078075408935547e-01
2.561195055022835732e-03 -3.730882108211517334e-01 -6.805220618844032288e-05 -3.732071518898010254e-01
2.560040215030312538e-03 -3.730945885181427002e-01 -6.965780630707740784e-05 -3.732065558433532715e-01
2.558855572715401649e-03 -3.731009960174560547e-01 -7.117772474884986877e-05 -3.732059895992279053e-01
2.557581523433327675e-03 -3.731074035167694092e-01 -7.271999493241310120e-05 -3.732053637504577637e-01
2.556255320087075233e-03 -3.731138110160827637e-01 -7.429206743836402893e-05 -3.732047677040100098e-01
2.554869512096047401e-03 -3.731202185153961182e-01 -7.583061233162879944e-05 -3.732042312622070312e-01
2.553483704105019569e-03 -3.731265962123870850e-01 -7.738778367638587952e-05 -3.732036352157592773e-01
2.551926532760262489e-03 -3.731330037117004395e-01 -7.894495502114295959e-05 -3.732030987739562988e-01
2.550451317802071571e-03 -3.731394112110137939e-01 -8.041271939873695374e-05 -3.732025623321533203e-01
2.548789838328957558e-03 -3.731458187103271484e-01 -8.196989074349403381e-05 -3.732020556926727295e-01
2.547068754211068153e-03 -3.731522262096405029e-01 -8.345255628228187561e-05 -3.732015490531921387e-01
2.545414725318551064e-03 -3.731585741043090820e-01 -8.489796891808509827e-05 -3.732009828090667725e-01
2.543701091781258583e-03 -3.731649816036224365e-01 -8.648866787552833557e-05 -3.732005357742309570e-01
2.541912952437996864e-03 -3.731713891029357910e-01 -8.795643225312232971e-05 -3.732000291347503662e-01
2.540027955546975136e-03 -3.731777966022491455e-01 -8.948752656579017639e-05 -3.731995820999145508e-01
2.538150409236550331e-03 -3.731842041015625000e-01 -9.098881855607032776e-05 -3.731991648674011230e-01
2.536183455958962440e-03 -3.731906116008758545e-01 -9.248638525605201721e-05 -3.731986880302429199e-01
2.534231403842568398e-03 -3.731970489025115967e-01 -9.404728189110755920e-05 -3.731983602046966553e-01
2.532145241275429726e-03 -3.732033669948577881e-01 -9.551132097840309143e-05 -3.731979727745056152e-01
2.530126133933663368e-03 -3.732098340988159180e-01 -9.708339348435401917e-05 -3.731975853443145752e-01
2.528062323108315468e-03 -3.732162415981292725e-01 -9.862938895821571350e-05 -3.731972575187683105e-01
2.525834599509835243e-03 -3.732226788997650146e-01 -1.001642085611820221e-04 -3.731968998908996582e-01
2.523688832297921181e-03 -3.732290863990783691e-01 -1.016915775835514069e-04 -3.731966614723205566e-01
2.521468559280037880e-03 -3.732354938983917236e-01 -1.032785512506961823e-04 -3.731963038444519043e-01
2.519240835681557655e-03 -3.732418715953826904e-01 -1.048357225954532623e-04 -3.731960952281951904e-01
2.516931155696511269e-03 -3.732482492923736572e-01 -1.064226962625980377e-04 -3.731958270072937012e-01
2.514584222808480263e-03 -3.732546865940093994e-01 -1.080096699297428131e-04 -3.731956481933593750e-01
2.512244740501046181e-03 -3.732611238956451416e-01 -1.095705665647983551e-04 -3.731953799724578857e-01
2.509838202968239784e-03 -3.732675611972808838e-01 -1.112320460379123688e-04 -3.731952309608459473e-01
2.507379511371254921e-03 -3.732739388942718506e-01 -1.128823496401309967e-04 -3.731951415538787842e-01
2.504913369193673134e-03 -3.732803165912628174e-01 -1.145550049841403961e-04 -3.731949329376220703e-01
2.502365270629525185e-03 -3.732867538928985596e-01 -1.161829568445682526e-04 -3.731948137283325195e-01
2.499832073226571083e-03 -3.732931911945343018e-01 -1.178258098661899567e-04 -3.731946945190429688e-01
2.497254172340035439e-03 -3.732995092868804932e-01 -1.194761134684085846e-04 -3.731946349143981934e-01
2.494609216228127480e-03 -3.733060061931610107e-01 -1.211971975862979889e-04 -3.731945753097534180e-01
2.491934457793831825e-03 -3.733123838901519775e-01 -1.228586770594120026e-04 -3.731946051120758057e-01
2.489237347617745399e-03 -3.733188211917877197e-01 -1.245797611773014069e-04 -3.731945157051086426e-01
2.486577490344643593e-03 -3.733252286911010742e-01 -1.263604499399662018e-04 -3.731945753097534180e-01
2.483776072040200233e-03 -3.733316361904144287e-01 -1.281299628317356110e-04 -3.731944859027862549e-01
2.480989554896950722e-03 -3.733380138874053955e-01 -1.298510469496250153e-04 -3.731945157051086426e-01
2.478135982528328896e-03 -3.733444809913635254e-01 -1.316242851316928864e-04 -3.731946051120758057e-01
2.475237706676125526e-03 -3.733507990837097168e-01 -1.334608532488346100e-04 -3.731946349143981934e-01
2.472331980243325233e-03 -3.733572661876678467e-01 -1.352638937532901764e-04 -3.731947839260101318e-01
2.469366649165749550e-03 -3.733636438846588135e-01 -1.370781101286411285e-04 -3.731948733329772949e-01
2.466408768668770790e-03 -3.733699917793273926e-01 -1.389333046972751617e-04 -3.731949627399444580e-01
2.463354030624032021e-03 -3.733764588832855225e-01 -1.408108510076999664e-04 -3.731951713562011719e-01
2.460351446643471718e-03 -3.733828663825988770e-01 -1.426697708666324615e-04 -3.731953203678131104e-01
2.457214752212166786e-03 -3.733891844749450684e-01 -1.444765366613864899e-04 -3.731954097747802734e-01
2.454078057780861855e-03 -3.733956217765808105e-01 -1.464472152292728424e-04 -3.731956779956817627e-01
2.450874308124184608e-03 -3.734020292758941650e-01 -1.483620144426822662e-04 -3.731958866119384766e-01
2.447663107886910439e-03 -3.734083473682403564e-01 -1.502470113337039948e-04 -3.731959760189056396e-01
2.444392303004860878e-03 -3.734147548675537109e-01 -1.522102393209934235e-04 -3.731962144374847412e-01
2.441076794639229774e-03 -3.734211325645446777e-01 -1.541660167276859283e-04 -3.731964230537414551e-01
2.437746385112404823e-03 -3.734274506568908691e-01 -1.560994423925876617e-04 -3.731966614723205566e-01
2.434363821521401405e-03 -3.734338581562042236e-01 -1.581222750246524811e-04 -3.731969296932220459e-01
2.430906752124428749e-03 -3.734401762485504150e-01 -1.600594259798526764e-04 -3.731971979141235352e-01
2.427434781566262245e-03 -3.734465241432189941e-01 -1.621008850634098053e-04 -3.731974363327026367e-01
2.423880854621529579e-03 -3.734528124332427979e-01 -1.640939153730869293e-04 -3.731976449489593506e-01
2.420267323032021523e-03 -3.734591305255889893e-01 -1.661092974245548248e-04 -3.731979429721832275e-01
2.416683593764901161e-03 -3.734655380249023438e-01 -1.680986024439334869e-04 -3.731982707977294922e-01
2.413003006950020790e-03 -3.734717667102813721e-01 -1.701810397207736969e-04 -3.731985092163085938e-01
2.409270266070961952e-03 -3.734780251979827881e-01 -1.722075976431369781e-04 -3.731987178325653076e-01
2.405492821708321571e-03 -3.734844624996185303e-01 -1.742900349199771881e-04 -3.731991052627563477e-01
2.401670673862099648e-03 -3.734907209873199463e-01 -1.763538457453250885e-04 -3.731993138790130615e-01
2.397826174274086952e-03 -3.734970390796661377e-01 -1.784474588930606842e-04 -3.731995820999145508e-01
2.393840113654732704e-03 -3.735033273696899414e-01 -1.804740168154239655e-04 -3.731999993324279785e-01
2.389898756518959999e-03 -3.735095858573913574e-01 -1.825862564146518707e-04 -3.732002675533294678e-01
2.385860541835427284e-03 -3.735157847404479980e-01 -1.846761442720890045e-04 -3.732005357742309570e-01
2.381785074248909950e-03 -3.735220134258270264e-01 -1.867213286459445953e-04 -3.732008337974548340e-01
2.377545693889260292e-03 -3.735282421112060547e-01 -1.888037659227848053e-04 -3.732011318206787109e-01
2.373365918174386024e-03 -3.735344707965850830e-01 -1.908750273287296295e-04 -3.732014298439025879e-01
2.369111636653542519e-03 -3.735407292842864990e-01 -1.930077560245990753e-04 -3.732017576694488525e-01
2.364805201068520546e-03 -3.735468685626983643e-01 -1.951479353010654449e-04 -3.732019662857055664e-01
2.360431710258126259e-03 -3.735531270503997803e-01 -1.972154714167118073e-04 -3.732023835182189941e-01
2.356043318286538124e-03 -3.735592067241668701e-01 -1.993668265640735626e-04 -3.732025623321533203e-01
2.351580420508980751e-03 -3.735654056072235107e-01 -2.014325000345706940e-04 -3.732028305530548096e-01
2.346946159377694130e-03 -3.735715448856353760e-01 -2.035354264080524445e-04 -3.732030987739562988e-01
2.342408755794167519e-03 -3.735776543617248535e-01 -2.056383527815341949e-04 -3.732033371925354004e-01
2.337722340598702431e-03 -3.735838234424591064e-01 -2.077654935419559479e-04 -3.732036352157592773e-01
2.332953969016671181e-03 -3.735899031162261963e-01 -2.098665572702884674e-04 -3.732038736343383789e-01
2.328215399757027626e-03 -3.735959827899932861e-01 -2.119601704180240631e-04 -3.732041120529174805e-01
2.323290565982460976e-03 -3.736021220684051514e-01 -2.140463329851627350e-04 -3.732044100761413574e-01
2.318373182788491249e-03 -3.736081421375274658e-01 -2.161678858101367950e-04 -3.732045888900756836e-01
2.313425997272133827e-03 -3.736141622066497803e-01 -2.182335592806339264e-04 -3.732048273086547852e-01
2.308381954208016396e-03 -3.736202716827392578e-01 -2.203420735895633698e-04 -3.732050657272338867e-01
2.303248504176735878e-03 -3.736262619495391846e-01 -2.224077470600605011e-04 -3.732053041458129883e-01
2.298085251823067665e-03 -3.736322820186614990e-01 -2.244678325951099396e-04 -3.732054829597473145e-01
2.292825141921639442e-03 -3.736381828784942627e-01 -2.265521325170993805e-04 -3.732056617736816406e-01
2.287557581439614296e-03 -3.736442029476165771e-01 -2.286457456648349762e-04 -3.732058703899383545e-01
2.282155910506844521e-03 -3.736501634120941162e-01 -2.306238748133182526e-04 -3.732060194015502930e-01
2.276754239574074745e-03 -3.736560046672821045e-01 -2.326727844774723053e-04 -3.732060790061950684e-01
2.271225908771157265e-03 -3.736620247364044189e-01 -2.347161062061786652e-04 -3.732063770294189453e-01
2.265608171001076698e-03 -3.736678659915924072e-01 -2.366886474192142487e-04 -3.732064068317413330e-01
2.259990433230996132e-03 -3.736737072467803955e-01 -2.387152053415775299e-04 -3.732065260410308838e-01
2.254253486171364784e-03 -3.736796677112579346e-01 -2.407156862318515778e-04 -3.732066750526428223e-01
2.248449483886361122e-03 -3.736854791641235352e-01 -2.427347935736179352e-04 -3.732067942619323730e-01
2.242630580440163612e-03 -3.736912906169891357e-01 -2.446384169161319733e-04 -3.732068538665771484e-01
2.236737171187996864e-03 -3.736970722675323486e-01 -2.466258592903614044e-04 -3.732069134712219238e-01
2.230687299743294716e-03 -3.737028539180755615e-01 -2.485723234713077545e-04 -3.732069730758666992e-01
2.224644878879189491e-03 -3.737086355686187744e-01 -2.505281008780002594e-04 -3.732070326805114746e-01
2.218490699306130409e-03 -3.737144172191619873e-01 -2.524876035749912262e-04 -3.732070326805114746e-01
2.212269464507699013e-03 -3.737201392650604248e-01 -2.543465234339237213e-04 -3.732070922851562500e-01
2.206018427386879921e-03 -3.737258017063140869e-01 -2.562594600021839142e-04 -3.732071220874786377e-01
2.199648180976510048e-03 -3.737314641475677490e-01 -2.580699510872364044e-04 -3.732070624828338623e-01
2.193233231082558632e-03 -3.737370967864990234e-01 -2.599903382360935211e-04 -3.732070624828338623e-01
2.186795929446816444e-03 -3.737427890300750732e-01 -2.618231810629367828e-04 -3.732069730758666992e-01
2.180261770263314247e-03 -3.737483322620391846e-01 -2.636485733091831207e-04 -3.732069730758666992e-01
2.173571148887276649e-03 -3.737539947032928467e-01 -2.654888667166233063e-04 -3.732069134712219238e-01
2.166917780414223671e-03 -3.737595379352569580e-01 -2.672993578016757965e-04 -3.732068538665771484e-01
2.160093048587441444e-03 -3.737650811672210693e-01 -2.690837718546390533e-04 -3.732068538665771484e-01
2.153260866180062294e-03 -3.737706243991851807e-01 -2.708421088755130768e-04 -3.732067048549652100e-01
2.146406332030892372e-03 -3.737760782241821289e-01 -2.726265229284763336e-04 -3.732064962387084961e-01
2.139417687430977821e-03 -3.737816214561462402e-01 -2.743364311754703522e-04 -3.732064366340637207e-01
2.132354537025094032e-03 -3.737871050834655762e-01 -2.760370261967182159e-04 -3.732063472270965576e-01
2.125246683135628700e-03 -3.737925589084625244e-01 -2.777506597340106964e-04 -3.732062280178070068e-01
2.118071774020791054e-03 -3.737978637218475342e-01 -2.794177271425724030e-04 -3.732059597969055176e-01
2.110777655616402626e-03 -3.738032877445220947e-01 -2.810549922287464142e-04 -3.732058405876159668e-01
2.103476086631417274e-03 -3.738086521625518799e-01 -2.826866693794727325e-04 -3.732055425643920898e-01
2.096032956615090370e-03 -3.738140165805816650e-01 -2.843388356268405914e-04 -3.732054829597473145e-01
2.088634530082345009e-03 -3.738193213939666748e-01 -2.859891392290592194e-04 -3.732051849365234375e-01
2.081079641357064247e-03 -3.738246262073516846e-01 -2.875723876059055328e-04 -3.732050359249114990e-01
2.073435345664620399e-03 -3.738299310207366943e-01 -2.890848554670810699e-04 -3.732047677040100098e-01
2.065738895907998085e-03 -3.738351166248321533e-01 -2.906830050051212311e-04 -3.732044994831085205e-01
2.058027544990181923e-03 -3.738403916358947754e-01 -2.922290004789829254e-04 -3.732042610645294189e-01
2.050249138846993446e-03 -3.738455474376678467e-01 -2.937451936304569244e-04 -3.732039034366607666e-01
2.042411128059029579e-03 -3.738507032394409180e-01 -2.951794303953647614e-04 -3.732036948204040527e-01
2.034431556239724159e-03 -3.738559782505035400e-01 -2.966695465147495270e-04 -3.732033967971801758e-01
2.026392379775643349e-03 -3.738610446453094482e-01 -2.981540746986865997e-04 -3.732030391693115234e-01
2.018293598666787148e-03 -3.738661110401153564e-01 -2.995454706251621246e-04 -3.732027411460876465e-01
2.010194817557930946e-03 -3.738712370395660400e-01 -3.009946085512638092e-04 -3.732024729251861572e-01
2.001976827159523964e-03 -3.738762438297271729e-01 -3.023506142199039459e-04 -3.732020854949951172e-01
1.993706682696938515e-03 -3.738812804222106934e-01 -3.037792630493640900e-04 -3.732017874717712402e-01
1.985332230105996132e-03 -3.738862574100494385e-01 -3.051371313631534576e-04 -3.732013702392578125e-01
1.976957777515053749e-03 -3.738912642002105713e-01 -3.064186312258243561e-04 -3.732010722160339355e-01
1.968516269698739052e-03 -3.738962113857269287e-01 -3.077802248299121857e-04 -3.732006251811981201e-01
1.959992805495858192e-03 -3.739011585712432861e-01 -3.090822137892246246e-04 -3.732002973556518555e-01
1.951379934325814247e-03 -3.739060461521148682e-01 -3.103450872004032135e-04 -3.731998801231384277e-01
1.942714909091591835e-03 -3.739109039306640625e-01 -3.116303123533725739e-04 -3.731994330883026123e-01
1.933997729793190956e-03 -3.739157319068908691e-01 -3.128726966679096222e-04 -3.731990158557891846e-01
1.925198594108223915e-03 -3.739205598831176758e-01 -3.140573389828205109e-04 -3.731986284255981445e-01
1.916347304359078407e-03 -3.739253580570220947e-01 -3.152773715555667877e-04 -3.731982111930847168e-01
1.907481113448739052e-03 -3.739301264286041260e-01 -3.165104426443576813e-04 -3.731977343559265137e-01
1.898495713248848915e-03 -3.739348351955413818e-01 -3.176950849592685699e-04 -3.731973171234130859e-01
1.889443257823586464e-03 -3.739396035671234131e-01 -3.187865950167179108e-04 -3.731968402862548828e-01
1.880413154140114784e-03 -3.739443123340606689e-01 -3.198911435902118683e-04 -3.731963932514190674e-01
1.871301094070076942e-03 -3.739489018917083740e-01 -3.210403956472873688e-04 -3.731960058212280273e-01
1.862010220065712929e-03 -3.739535212516784668e-01 -3.221505321562290192e-04 -3.731954991817474365e-01
1.852771500125527382e-03 -3.739582002162933350e-01 -3.231936134397983551e-04 -3.731949925422668457e-01
1.843473175540566444e-03 -3.739627301692962646e-01 -3.242273814976215363e-04 -3.731945157051086426e-01
1.834115246310830116e-03 -3.739673197269439697e-01 -3.253133036196231842e-04 -3.731939792633056641e-01
1.824697712436318398e-03 -3.739718496799468994e-01 -3.263526596128940582e-04 -3.731934428215026855e-01
1.815205672755837440e-03 -3.739763796329498291e-01 -3.273901529610157013e-04 -3.731930851936340332e-01
1.805654028430581093e-03 -3.739807903766632080e-01 -3.283848054707050323e-04 -3.731924891471862793e-01
1.796035328879952431e-03 -3.739852607250213623e-01 -3.293366171419620514e-04 -3.731919825077056885e-01
1.786446431651711464e-03 -3.739897310733795166e-01 -3.303554840385913849e-04 -3.731914758682250977e-01
1.776753226295113564e-03 -3.739941418170928955e-01 -3.312327899038791656e-04 -3.731909394264221191e-01
1.766978064551949501e-03 -3.739985525608062744e-01 -3.321697004139423370e-04 -3.731904625892639160e-01
1.757188001647591591e-03 -3.740028142929077148e-01 -3.330656327307224274e-04 -3.731899261474609375e-01
1.747345784679055214e-03 -3.740071356296539307e-01 -3.340379334986209869e-04 -3.731893897056579590e-01
1.737443963065743446e-03 -3.740114271640777588e-01 -3.349096514284610748e-04 -3.731888234615325928e-01
1.727527240291237831e-03 -3.740157186985015869e-01 -3.357552923262119293e-04 -3.731882870197296143e-01
1.717506209388375282e-03 -3.740199804306030273e-01 -3.366307355463504791e-04 -3.731877505779266357e-01
1.707440475001931190e-03 -3.740241825580596924e-01 -3.374242223799228668e-04 -3.731871843338012695e-01
1.697382191196084023e-03 -3.740283250808715820e-01 -3.382959403097629547e-04 -3.731866478919982910e-01
1.687212148681282997e-03 -3.740325272083282471e-01 -3.390745259821414948e-04 -3.731861412525177002e-01
1.677057007327675819e-03 -3.740366399288177490e-01 -3.398568369448184967e-04 -3.731856048107147217e-01
1.666767755523324013e-03 -3.740406632423400879e-01 -3.406205214560031891e-04 -3.731850087642669678e-01
1.656471053138375282e-03 -3.740448057651519775e-01 -3.414587117731571198e-04 -3.731844425201416016e-01
1.646174350753426552e-03 -3.740488290786743164e-01 -3.421888686716556549e-04 -3.731839656829833984e-01
1.635803142562508583e-03 -3.740529119968414307e-01 -3.429227508604526520e-04 -3.731834292411804199e-01
1.625446835532784462e-03 -3.740568757057189941e-01 -3.436529077589511871e-04 -3.731828927993774414e-01
1.614986220374703407e-03 -3.740608394145965576e-01 -3.443923778831958771e-04 -3.731823563575744629e-01
1.604518154636025429e-03 -3.740647733211517334e-01 -3.450796939432621002e-04 -3.731817603111267090e-01
1.593901077285408974e-03 -3.740687072277069092e-01 -3.458210267126560211e-04 -3.731812536716461182e-01
1.583358505740761757e-03 -3.740726411342620850e-01 -3.464859910309314728e-04 -3.731806874275207520e-01
1.572711626067757607e-03 -3.740765154361724854e-01 -3.471770323812961578e-04 -3.731801509857177734e-01
1.562049845233559608e-03 -3.740803301334381104e-01 -3.477451391518115997e-04 -3.731796145439147949e-01
1.551380613818764687e-03 -3.740840256214141846e-01 -3.484138287603855133e-04 -3.731790184974670410e-01
1.540636876598000526e-03 -3.740878999233245850e-01 -3.491067327558994293e-04 -3.731785416603088379e-01
1.529900589957833290e-03 -3.740916550159454346e-01 -3.496767021715641022e-04 -3.731780052185058594e-01
1.519074896350502968e-03 -3.740953803062438965e-01 -3.502690233290195465e-04 -3.731774687767028809e-01
1.508182147517800331e-03 -3.740990161895751953e-01 -3.509041853249073029e-04 -3.731769025325775146e-01
1.497356453910470009e-03 -3.741027414798736572e-01 -3.515207208693027496e-04 -3.731764256954193115e-01
1.486389199271798134e-03 -3.741063773632049561e-01 -3.521111793816089630e-04 -3.731757998466491699e-01
1.475481549277901649e-03 -3.741100132465362549e-01 -3.526681102812290192e-04 -3.731753230094909668e-01
1.464477041736245155e-03 -3.741135597229003906e-01 -3.532641567289829254e-04 -3.731747865676879883e-01
1.453509787097573280e-03 -3.741171658039093018e-01 -3.537968732416629791e-04 -3.731742799282073975e-01
1.442393520846962929e-03 -3.741207420825958252e-01 -3.543277271091938019e-04 -3.731737732887268066e-01
1.431321958079934120e-03 -3.741241991519927979e-01 -3.548734821379184723e-04 -3.731732070446014404e-01
1.420235494151711464e-03 -3.741276562213897705e-01 -3.554173745214939117e-04 -3.731727600097656250e-01
1.409022370353341103e-03 -3.741311430931091309e-01 -3.559724427759647369e-04 -3.731722235679626465e-01
1.397853950038552284e-03 -3.741345703601837158e-01 -3.564772196114063263e-04 -3.731717765331268311e-01
1.386670628562569618e-03 -3.741379082202911377e-01 -3.569913096725940704e-04 -3.731711506843566895e-01
1.375442603603005409e-03 -3.741413056850433350e-01 -3.574737347662448883e-04 -3.731707632541656494e-01
1.364207128062844276e-03 -3.741446435451507568e-01 -3.579654730856418610e-04 -3.731702268123626709e-01
1.352874794974923134e-03 -3.741479516029357910e-01 -3.584199585020542145e-04 -3.731697201728820801e-01
1.341542461887001991e-03 -3.741512000560760498e-01 -3.589377738535404205e-04 -3.731692433357238770e-01
1.330225029960274696e-03 -3.741544783115386963e-01 -3.594183363020420074e-04 -3.731687068939208984e-01
1.318877795711159706e-03 -3.741577267646789551e-01 -3.599491901695728302e-04 -3.731682896614074707e-01
1.307433703914284706e-03 -3.741609752178192139e-01 -3.603533841669559479e-04 -3.731678426265716553e-01
1.295989612117409706e-03 -3.741641342639923096e-01 -3.608004190027713776e-04 -3.731673657894134521e-01
1.284552970901131630e-03 -3.741673231124877930e-01 -3.612623549997806549e-04 -3.731669187545776367e-01
1.273064175620675087e-03 -3.741704225540161133e-01 -3.616907633841037750e-04 -3.731665015220642090e-01
1.261545578017830849e-03 -3.741734921932220459e-01 -3.621117211878299713e-04 -3.731659352779388428e-01
1.250064233317971230e-03 -3.741765916347503662e-01 -3.625922836363315582e-04 -3.731655180454254150e-01
1.238500932231545448e-03 -3.741795718669891357e-01 -3.629648126661777496e-04 -3.731651306152343750e-01
1.226959982886910439e-03 -3.741826117038726807e-01 -3.633932210505008698e-04 -3.731645941734313965e-01
1.215374330058693886e-03 -3.741855919361114502e-01 -3.637974150478839874e-04 -3.731641769409179688e-01
1.203766325488686562e-03 -3.741884827613830566e-01 -3.642127849161624908e-04 -3.731637299060821533e-01
1.192098716273903847e-03 -3.741914927959442139e-01 -3.645890392363071442e-04 -3.731632828712463379e-01
1.180438557639718056e-03 -3.741943836212158203e-01 -3.650677390396595001e-04 -3.731629252433776855e-01
1.168830553069710732e-03 -3.741972446441650391e-01 -3.654272295534610748e-04 -3.731625080108642578e-01
1.157110789790749550e-03 -3.742001354694366455e-01 -3.658276982605457306e-04 -3.731621503829956055e-01
1.145413378253579140e-03 -3.742029368877410889e-01 -3.662058152258396149e-04 -3.731617033481597900e-01
1.133656362071633339e-03 -3.742056787014007568e-01 -3.665410913527011871e-04 -3.731613159179687500e-01
1.121958950534462929e-03 -3.742084801197052002e-01 -3.668726421892642975e-04 -3.731608986854553223e-01
1.110142329707741737e-03 -3.742111921310424805e-01 -3.673140890896320343e-04 -3.731604814529418945e-01
1.098392764106392860e-03 -3.742138445377349854e-01 -3.676512278616428375e-04 -3.731600940227508545e-01
1.086605945602059364e-03 -3.742165565490722656e-01 -3.679958172142505646e-04 -3.731597661972045898e-01
1.074766973033547401e-03 -3.742191791534423828e-01 -3.683664835989475250e-04 -3.731592893600463867e-01
1.062980154529213905e-03 -3.742218911647796631e-01 -3.687241114675998688e-04 -3.731590211391448975e-01
1.051148632541298866e-03 -3.742244243621826172e-01 -3.691301681101322174e-04 -3.731586337089538574e-01
1.039279857650399208e-03 -3.742270767688751221e-01 -3.694971092045307159e-04 -3.731583058834075928e-01
1.027396181598305702e-03 -3.742295205593109131e-01 -3.698342479765415192e-04 -3.731579780578613281e-01
1.015490153804421425e-03 -3.742320537567138672e-01 -3.701415844261646271e-04 -3.731575906276702881e-01
1.003599027171730995e-03 -3.742344677448272705e-01 -3.704302944242954254e-04 -3.731572628021240234e-01
9.916482958942651749e-04 -3.742369711399078369e-01 -3.708065487444400787e-04 -3.731568753719329834e-01
9.797795210033655167e-04 -3.742394149303436279e-01 -3.710971213877201080e-04 -3.731566071510314941e-01
9.678660426288843155e-04 -3.742417693138122559e-01 -3.714323975145816803e-04 -3.731561899185180664e-01
9.559004101902246475e-04 -3.742441833019256592e-01 -3.717788495123386383e-04 -3.731558918952941895e-01
9.439645800739526749e-04 -3.742465674877166748e-01 -3.720545209944248199e-04 -3.731556534767150879e-01
9.319616947323083878e-04 -3.742488324642181396e-01 -3.724251873791217804e-04 -3.731552958488464355e-01
9.199960622936487198e-04 -3.742510974407196045e-01 -3.726859577000141144e-04 -3.731550574302673340e-01
9.080080781131982803e-04 -3.742533624172210693e-01 -3.730044700205326080e-04 -3.731546998023986816e-01
8.960275445133447647e-04 -3.742556273937225342e-01 -3.733341582119464874e-04 -3.731544613838195801e-01
8.839948568493127823e-04 -3.742578029632568359e-01 -3.736005164682865143e-04 -3.731541633605957031e-01
8.719845209270715714e-04 -3.742599189281463623e-01 -3.739357925951480865e-04 -3.731538057327270508e-01
8.599890861660242081e-04 -3.742620646953582764e-01 -3.742021508514881134e-04 -3.731535673141479492e-01
8.479712996631860733e-04 -3.742641508579254150e-01 -3.745001740753650665e-04 -3.731532692909240723e-01
8.359088096767663956e-04 -3.742661774158477783e-01 -3.747590817511081696e-04 -3.731530010700225830e-01
8.238165173679590225e-04 -3.742683231830596924e-01 -3.751204349100589752e-04 -3.731527328491210938e-01
8.117987308651208878e-04 -3.742703497409820557e-01 -3.753290511667728424e-04 -3.731524646282196045e-01
7.997213397175073624e-04 -3.742723464965820312e-01 -3.756233491003513336e-04 -3.731522262096405029e-01
7.876588497310876846e-04 -3.742742836475372314e-01 -3.758878447115421295e-04 -3.731518983840942383e-01
7.755889091640710831e-04 -3.742762506008148193e-01 -3.761653788387775421e-04 -3.731517195701599121e-01
7.635189685970544815e-04 -3.742781281471252441e-01 -3.764354623854160309e-04 -3.731514215469360352e-01
7.514117751270532608e-04 -3.742799758911132812e-01 -3.766291774809360504e-04 -3.731512427330017090e-01
7.393716368824243546e-04 -3.742818534374237061e-01 -3.769383765757083893e-04 -3.731509447097778320e-01
7.272793445736169815e-04 -3.742837011814117432e-01 -3.771786577999591827e-04 -3.731507956981658936e-01
7.151497993618249893e-04 -3.742854893207550049e-01 -3.774170763790607452e-04 -3.731506168842315674e-01
7.030202541500329971e-04 -3.742872774600982666e-01 -3.776648081839084625e-04 -3.731503784656524658e-01
6.908981595188379288e-04 -3.742891252040863037e-01 -3.779609687626361847e-04 -3.731501698493957520e-01
6.788431201130151749e-04 -3.742907047271728516e-01 -3.782124258577823639e-04 -3.731498718261718750e-01
6.666837725788354874e-04 -3.742923438549041748e-01 -3.783968277275562286e-04 -3.731497526168823242e-01
6.546212825924158096e-04 -3.742940127849578857e-01 -3.786594606935977936e-04 -3.731495141983032227e-01
6.424619350582361221e-04 -3.742956221103668213e-01 -3.788531757891178131e-04 -3.731492757797241211e-01
6.303323898464441299e-04 -3.742972314357757568e-01 -3.790692426264286041e-04 -3.731490373611450195e-01
6.182475481182336807e-04 -3.742988407611846924e-01 -3.792815841734409332e-04 -3.731489181518554688e-01
6.060732994228601456e-04 -3.743003606796264648e-01 -3.795740194618701935e-04 -3.731487393379211426e-01
5.940108094364404678e-04 -3.743018805980682373e-01 -3.797546960413455963e-04 -3.731485605239868164e-01
5.818887148052453995e-04 -3.743033111095428467e-01 -3.799186088144779205e-04 -3.731483221054077148e-01
5.697442684322595596e-04 -3.743048012256622314e-01 -3.802073188126087189e-04 -3.731480836868286133e-01
5.575327668339014053e-04 -3.743061721324920654e-01 -3.803246654570102692e-04 -3.731479644775390625e-01
5.454777274280786514e-04 -3.743076622486114502e-01 -3.805649466812610626e-04 -3.731477856636047363e-01
5.333928856998682022e-04 -3.743089735507965088e-01 -3.807344473898410797e-04 -3.731476068496704102e-01
5.211441311985254288e-04 -3.743102848529815674e-01 -3.809393383562564850e-04 -3.731474280357360840e-01
5.090741906315088272e-04 -3.743115961551666260e-01 -3.810883499681949615e-04 -3.731472492218017578e-01
4.969595465809106827e-04 -3.743128478527069092e-01 -3.812895156443119049e-04 -3.731471300125122070e-01
4.848001990467309952e-04 -3.743140697479248047e-01 -3.814310766756534576e-04 -3.731468915939331055e-01
4.726408515125513077e-04 -3.743152916431427002e-01 -3.816098906099796295e-04 -3.731468021869659424e-01
4.605709109455347061e-04 -3.743164837360382080e-01 -3.817980177700519562e-04 -3.731466531753540039e-01
4.484115634113550186e-04 -3.743176758289337158e-01 -3.819097764790058136e-04 -3.731464743614196777e-01
4.362969193607568741e-04 -3.743187487125396729e-01 -3.820792771875858307e-04 -3.731463551521301270e-01
4.241822753101587296e-04 -3.743198215961456299e-01 -3.822320140898227692e-04 -3.731461167335510254e-01
4.120527300983667374e-04 -3.743209838867187500e-01 -3.823698498308658600e-04 -3.731459975242614746e-01
3.999157343059778214e-04 -3.743220865726470947e-01 -3.825039602816104889e-04 -3.731459379196166992e-01
3.877861890941858292e-04 -3.743229210376739502e-01 -3.826157189905643463e-04 -3.731456995010375977e-01
3.757013473659753799e-04 -3.743239641189575195e-01 -3.827870823442935944e-04 -3.731455802917480469e-01
3.636090550571680069e-04 -3.743249475955963135e-01 -3.828839398920536041e-04 -3.731454014778137207e-01
3.514795098453760147e-04 -3.743258416652679443e-01 -3.829174675047397614e-04 -3.731453418731689453e-01
3.393574152141809464e-04 -3.743267357349395752e-01 -3.830720670521259308e-04 -3.731451928615570068e-01
3.271980676800012589e-04 -3.743276000022888184e-01 -3.832080401480197906e-04 -3.731450736522674561e-01
3.152026329189538956e-04 -3.743284344673156738e-01 -3.832769580185413361e-04 -3.731449246406555176e-01
3.030954394489526749e-04 -3.743292987346649170e-01 -3.833980299532413483e-04 -3.731447756290435791e-01
2.909807953983545303e-04 -3.743299543857574463e-01 -3.835097886621952057e-04 -3.731445968151092529e-01
2.788810525089502335e-04 -3.743307888507843018e-01 -3.835489042103290558e-04 -3.731445074081420898e-01
2.668111119419336319e-04 -3.743315339088439941e-01 -3.835489042103290558e-04 -3.731443881988525391e-01
2.547262702137231827e-04 -3.743322193622589111e-01 -3.836662508547306061e-04 -3.731442689895629883e-01
2.426935825496912003e-04 -3.743328154087066650e-01 -3.836941905319690704e-04 -3.731441497802734375e-01
2.305938396602869034e-04 -3.743334710597991943e-01 -3.837593831121921539e-04 -3.731440305709838867e-01
2.185015473514795303e-04 -3.743340671062469482e-01 -3.837444819509983063e-04 -3.731437921524047852e-01
2.064316067844629288e-04 -3.743346333503723145e-01 -3.837817348539829254e-04 -3.731437027454376221e-01
1.943095121532678604e-04 -3.743351995944976807e-01 -3.838078118860721588e-04 -3.731436133384704590e-01
1.823587808758020401e-04 -3.743357062339782715e-01 -3.838320262730121613e-04 -3.731434941291809082e-01
1.702962908893823624e-04 -3.743361532688140869e-01 -3.838674165308475494e-04 -3.731434047222137451e-01
1.583083067089319229e-04 -3.743366003036499023e-01 -3.838432021439075470e-04 -3.731431961059570312e-01
1.462681684643030167e-04 -3.743370473384857178e-01 -3.838748671114444733e-04 -3.731431365013122559e-01
1.342056784778833389e-04 -3.743374049663543701e-01 -3.838115371763706207e-04 -3.731430172920227051e-01
1.221804413944482803e-04 -3.743378221988677979e-01 -3.837854601442813873e-04 -3.731428384780883789e-01
1.101030502468347549e-04 -3.743381500244140625e-01 -3.837444819509983063e-04 -3.731427788734436035e-01
9.810761548578739166e-05 -3.743384182453155518e-01 -3.837295807898044586e-04 -3.731426000595092773e-01
8.614943362772464752e-05 -3.743387162685394287e-01 -3.836588002741336823e-04 -3.731424510478973389e-01
7.416144944727420807e-05 -3.743390142917633057e-01 -3.835395909845829010e-04 -3.731423616409301758e-01
6.219581700861454010e-05 -3.743391036987304688e-01 -3.834837116301059723e-04 -3.731421828269958496e-01
5.020783282816410065e-05 -3.743393719196319580e-01 -3.834352828562259674e-04 -3.731421232223510742e-01
3.820494748651981354e-05 -3.743395209312438965e-01 -3.833421505987644196e-04 -3.731420040130615234e-01
2.624676562845706940e-05 -3.743396401405334473e-01 -3.832583315670490265e-04 -3.731418848037719727e-01
1.431093551218509674e-05 -3.743397295475006104e-01 -3.831558860838413239e-04 -3.731417059898376465e-01
2.322951331734657288e-06 -3.743397295475006104e-01 -3.830031491816043854e-04 -3.731415271759033203e-01
-9.597977623343467712e-06 -3.743398189544677734e-01 -3.829491324722766876e-04 -3.731413483619689941e-01
-2.157851122319698334e-05 -3.743398785591125488e-01 -3.827945329248905182e-04 -3.731413483619689941e-01
-3.351434133946895599e-05 -3.743398785591125488e-01 -3.826697356998920441e-04 -3.731411993503570557e-01
-4.538311623036861420e-05 -3.743397891521453857e-01 -3.825151361525058746e-04 -3.731410503387451172e-01
-5.731149576604366302e-05 -3.743397593498229980e-01 -3.823773004114627838e-04 -3.731409311294555664e-01
-6.918027065694332123e-05 -3.743396103382110596e-01 -3.821575082838535309e-04 -3.731408119201660156e-01
-8.113845251500606537e-05 -3.743394315242767334e-01 -3.819731064140796661e-04 -3.731406331062316895e-01
-9.301467798650264740e-05 -3.743393123149871826e-01 -3.817551769316196442e-04 -3.731405138969421387e-01
-1.048983540385961533e-04 -3.743391036987304688e-01 -3.816266544163227081e-04 -3.731403946876525879e-01
-1.167522277683019638e-04 -3.743388950824737549e-01 -3.813286311924457550e-04 -3.731402456760406494e-01
-1.286359038203954697e-04 -3.743386566638946533e-01 -3.811572678387165070e-04 -3.731400668621063232e-01
-1.404674258083105087e-04 -3.743383586406707764e-01 -3.809058107435703278e-04 -3.731399774551391602e-01
-1.523287501186132431e-04 -3.743380606174468994e-01 -3.806953318417072296e-04 -3.731397390365600586e-01
-1.641155686229467392e-04 -3.743377029895782471e-01 -3.804308362305164337e-04 -3.731396496295928955e-01
-1.759619917720556259e-04 -3.743373453617095947e-01 -3.801384009420871735e-04 -3.731395006179809570e-01
-1.878158655017614365e-04 -3.743368983268737793e-01 -3.798925317823886871e-04 -3.731393516063690186e-01
-1.996026840060949326e-04 -3.743365406990051270e-01 -3.796056844294071198e-04 -3.731392025947570801e-01
-2.113820519298315048e-04 -3.743361234664916992e-01 -3.793002106249332428e-04 -3.731390237808227539e-01
-2.231688704341650009e-04 -3.743355274200439453e-01 -3.789835609495639801e-04 -3.731388449668884277e-01
-2.350152935832738876e-04 -3.743350803852081299e-01 -3.786110319197177887e-04 -3.731387257575988770e-01
-2.467648591846227646e-04 -3.743345141410827637e-01 -3.783502615988254547e-04 -3.731385469436645508e-01
-2.584771718829870224e-04 -3.743339478969573975e-01 -3.779404796659946442e-04 -3.731383681297302246e-01
-2.702192869037389755e-04 -3.743332922458648682e-01 -3.776163794100284576e-04 -3.731382191181182861e-01
-2.819390501827001572e-04 -3.743327260017395020e-01 -3.772811032831668854e-04 -3.731380105018615723e-01
-2.937184181064367294e-04 -3.743320405483245850e-01 -3.769197501242160797e-04 -3.731378912925720215e-01
-3.054754342883825302e-04 -3.743313848972320557e-01 -3.764801658689975739e-04 -3.731377720832824707e-01
-3.171355929225683212e-04 -3.743307292461395264e-01 -3.760629333555698395e-04 -3.731375634670257568e-01
-3.288330044597387314e-04 -3.743298351764678955e-01 -3.756680525839328766e-04 -3.731373548507690430e-01
-3.405602183192968369e-04 -3.743290603160858154e-01 -3.752005286514759064e-04 -3.731371760368347168e-01
-3.521905746310949326e-04 -3.743282854557037354e-01 -3.747516311705112457e-04 -3.731370270252227783e-01
-3.638656344264745712e-04 -3.743274807929992676e-01 -3.743902780115604401e-04 -3.731368482112884521e-01
-3.755257930606603622e-04 -3.743266165256500244e-01 -3.739004023373126984e-04 -3.731366395950317383e-01
-3.871412482112646103e-04 -3.743256330490112305e-01 -3.733937628567218781e-04 -3.731364607810974121e-01
-3.987716045230627060e-04 -3.743247687816619873e-01 -3.729262389242649078e-04 -3.731362819671630859e-01
-4.104094114154577255e-04 -3.743238747119903564e-01 -3.724009729921817780e-04 -3.731360435485839844e-01
-4.220472183078527451e-04 -3.743228614330291748e-01 -3.718812949955463409e-04 -3.731358349323272705e-01
-4.336626734584569931e-04 -3.743217885494232178e-01 -3.714342601597309113e-04 -3.731355667114257812e-01
-4.452334251254796982e-04 -3.743207752704620361e-01 -3.708885051310062408e-04 -3.731353878974914551e-01
-4.568041767925024033e-04 -3.743197321891784668e-01 -3.702589310705661774e-04 -3.731351792812347412e-01
-4.683525767177343369e-04 -3.743186295032501221e-01 -3.697038628160953522e-04 -3.731349706649780273e-01
-4.798935260623693466e-04 -3.743175566196441650e-01 -3.691655583679676056e-04 -3.731347918510437012e-01
-4.914419259876012802e-04 -3.743163049221038818e-01 -3.685527481138706207e-04 -3.731345534324645996e-01
-5.029605235904455185e-04 -3.743151128292083740e-01 -3.679436631500720978e-04 -3.731343150138854980e-01
-5.145461764186620712e-04 -3.743139803409576416e-01 -3.673569299280643463e-04 -3.731341361999511719e-01
-5.260200705379247665e-04 -3.743127286434173584e-01 -3.666640259325504303e-04 -3.731338977813720703e-01
-5.375163163989782333e-04 -3.743114173412322998e-01 -3.660903312265872955e-04 -3.731336593627929688e-01
-5.489976610988378525e-04 -3.743101656436920166e-01 -3.654123283922672272e-04 -3.731334209442138672e-01
-5.604939069598913193e-04 -3.743087947368621826e-01 -3.647790290415287018e-04 -3.731331527233123779e-01
-5.719901528209447861e-04 -3.743074834346771240e-01 -3.640879876911640167e-04 -3.731329441070556641e-01
-5.833597388118505478e-04 -3.743060529232025146e-01 -3.634043969213962555e-04 -3.731326460838317871e-01
-5.948559846729040146e-04 -3.743046224117279053e-01 -3.626854158937931061e-04 -3.731324076652526855e-01
-6.062181200832128525e-04 -3.743032515048980713e-01 -3.619850613176822662e-04 -3.731321692466735840e-01
-6.176100578159093857e-04 -3.743017017841339111e-01 -3.612176515161991119e-04 -3.731318712234497070e-01
-6.290839519351720810e-04 -3.743002712726593018e-01 -3.605452366173267365e-04 -3.731316924095153809e-01
-6.404684390872716904e-04 -3.742986917495727539e-01 -3.596902824938297272e-04 -3.731313347816467285e-01
-6.518231239169836044e-04 -3.742970824241638184e-01 -3.589433617889881134e-04 -3.731310963630676270e-01
-6.631405558437108994e-04 -3.742955625057220459e-01 -3.581666387617588043e-04 -3.731307685375213623e-01
-6.744952406734228134e-04 -3.742938935756683350e-01 -3.573731519281864166e-04 -3.731304407119750977e-01
-6.858275737613439560e-04 -3.742922544479370117e-01 -3.565219230949878693e-04 -3.731302022933959961e-01
-6.971673574298620224e-04 -3.742906153202056885e-01 -3.557414747774600983e-04 -3.731299340724945068e-01
-7.084996905177831650e-04 -3.742888867855072021e-01 -3.549032844603061676e-04 -3.731296062469482422e-01
-7.197426166385412216e-04 -3.742871582508087158e-01 -3.540464676916599274e-04 -3.731293082237243652e-01
-7.310451474040746689e-04 -3.742854297161102295e-01 -3.531635738909244537e-04 -3.731290698051452637e-01
-7.423029746860265732e-04 -3.742836713790893555e-01 -3.522378392517566681e-04 -3.731287121772766113e-01
-7.535831537097692490e-04 -3.742817938327789307e-01 -3.513828851282596588e-04 -3.731284737586975098e-01
-7.647664751857519150e-04 -3.742799758911132812e-01 -3.504590131342411041e-04 -3.731281161308288574e-01
-7.760243024677038193e-04 -3.742780983448028564e-01 -3.495574928820133209e-04 -3.731278777122497559e-01
-7.872076239436864853e-04 -3.742761909961700439e-01 -3.485963679850101471e-04 -3.731274604797363281e-01
-7.984058465808629990e-04 -3.742741942405700684e-01 -3.476501442492008209e-04 -3.731271028518676758e-01
-8.096338715404272079e-04 -3.742723166942596436e-01 -3.466871567070484161e-04 -3.731268346309661865e-01
-8.208022918552160263e-04 -3.742703199386596680e-01 -3.457427956163883209e-04 -3.731264770030975342e-01
-8.319409098476171494e-04 -3.742683231830596924e-01 -3.447332419455051422e-04 -3.731262087821960449e-01
-8.430571760982275009e-04 -3.742662668228149414e-01 -3.437423147261142731e-04 -3.731258213520050049e-01
-8.542106952518224716e-04 -3.742642104625701904e-01 -3.427029587328433990e-04 -3.731254339218139648e-01
-8.653269615024328232e-04 -3.742620944976806641e-01 -3.416785039007663727e-04 -3.731251060962677002e-01
-8.764208760112524033e-04 -3.742599189281463623e-01 -3.406577743589878082e-04 -3.731247782707214355e-01
-8.874924387782812119e-04 -3.742578029632568359e-01 -3.395737148821353912e-04 -3.731245100498199463e-01
-8.985863532871007919e-04 -3.742556273937225342e-01 -3.385529853403568268e-04 -3.731240034103393555e-01
-9.096430148929357529e-04 -3.742534220218658447e-01 -3.374316729605197906e-04 -3.731237053871154785e-01
-9.206773247569799423e-04 -3.742511272430419922e-01 -3.363774158060550690e-04 -3.731233477592468262e-01
-9.316967334598302841e-04 -3.742488920688629150e-01 -3.352933563292026520e-04 -3.731228709220886230e-01
-9.427235927432775497e-04 -3.742465674877166748e-01 -3.341254778206348419e-04 -3.731225132942199707e-01
-9.537504520267248154e-04 -3.742442429065704346e-01 -3.330078907310962677e-04 -3.731221258640289307e-01
-9.646730031818151474e-04 -3.742418587207794189e-01 -3.318176604807376862e-04 -3.731217086315155029e-01
-9.756402578204870224e-04 -3.742394745349884033e-01 -3.306888975203037262e-04 -3.731213808059692383e-01
-9.866671171039342880e-04 -3.742370307445526123e-01 -3.294968046247959137e-04 -3.731209635734558105e-01
-9.975747670978307724e-04 -3.742346763610839844e-01 -3.283605910837650299e-04 -3.731206059455871582e-01
-1.008482417091727257e-03 -3.742321729660034180e-01 -3.271573223173618317e-04 -3.731200695037841797e-01
-1.019382616505026817e-03 -3.742296993732452393e-01 -3.258888609707355499e-04 -3.731197118759155273e-01
-1.030245563015341759e-03 -3.742271959781646729e-01 -3.246986307203769684e-04 -3.731193542480468750e-01
-1.041168114170432091e-03 -3.742245733737945557e-01 -3.234171308577060699e-04 -3.731188476085662842e-01
-1.052038511261343956e-03 -3.742220103740692139e-01 -3.222213126718997955e-04 -3.731184005737304688e-01
-1.062826951965689659e-03 -3.742194473743438721e-01 -3.209211863577365875e-04 -3.731180429458618164e-01
-1.073704799637198448e-03 -3.742167949676513672e-01 -3.196434117853641510e-04 -3.731176555156707764e-01
-1.084515592083334923e-03 -3.742141425609588623e-01 -3.183563239872455597e-04 -3.731171488761901855e-01
-1.095266779884696007e-03 -3.742114603519439697e-01 -3.170915879309177399e-04 -3.731166720390319824e-01
-1.106025418266654015e-03 -3.742087185382843018e-01 -3.156946040689945221e-04 -3.731162250041961670e-01
-1.116828760132193565e-03 -3.742059469223022461e-01 -3.144447691738605499e-04 -3.731158077716827393e-01
-1.127609750255942345e-03 -3.742031753063201904e-01 -3.131018020212650299e-04 -3.731153607368469238e-01
-1.138316234573721886e-03 -3.742003738880157471e-01 -3.117383457720279694e-04 -3.731148540973663330e-01
-1.149022718891501427e-03 -3.741975724697113037e-01 -3.103860653936862946e-04 -3.731143772602081299e-01
-1.159744104370474815e-03 -3.741947114467620850e-01 -3.089630044996738434e-04 -3.731139302253723145e-01
-1.170398434624075890e-03 -3.741917908191680908e-01 -3.075846470892429352e-04 -3.731133341789245605e-01
-1.181112369522452354e-03 -3.741888701915740967e-01 -3.062081523239612579e-04 -3.731129169464111328e-01
-1.191759249195456505e-03 -3.741859793663024902e-01 -3.047888167202472687e-04 -3.731124401092529297e-01
-1.202361425384879112e-03 -3.741829395294189453e-01 -3.033527173101902008e-04 -3.731119036674499512e-01
-1.212948700413107872e-03 -3.741799294948577881e-01 -3.019259311258792877e-04 -3.731114268302917480e-01
-1.223617931827902794e-03 -3.741769492626190186e-01 -3.004432655870914459e-04 -3.731109499931335449e-01
-1.234160503372550011e-03 -3.741738498210906982e-01 -2.989904023706912994e-04 -3.731104135513305664e-01
-1.244725426658987999e-03 -3.741708397865295410e-01 -2.975300885736942291e-04 -3.731099069118499756e-01
-1.255349954590201378e-03 -3.741676509380340576e-01 -2.960287965834140778e-04 -3.731093108654022217e-01
-1.265825470909476280e-03 -3.741645812988281250e-01 -2.945349551737308502e-04 -3.731088340282440186e-01
-1.276345690712332726e-03 -3.741613328456878662e-01 -2.930075861513614655e-04 -3.731082975864410400e-01
-1.286918064579367638e-03 -3.741582036018371582e-01 -2.915267832577228546e-04 -3.731077015399932861e-01
-1.297371229156851768e-03 -3.741549551486968994e-01 -2.899863757193088531e-04 -3.731072545051574707e-01
-1.307779690250754356e-03 -3.741517364978790283e-01 -2.884273417294025421e-04 -3.731067180633544922e-01
-1.318203052505850792e-03 -3.741483986377716064e-01 -2.868832089006900787e-04 -3.731060922145843506e-01
-1.328686019405722618e-03 -3.741450905799865723e-01 -2.853744663298130035e-04 -3.731055855751037598e-01
-1.339087029919028282e-03 -3.741417825222015381e-01 -2.837986685335636139e-04 -3.731049895286560059e-01
-1.349502941593527794e-03 -3.741384446620941162e-01 -2.822284586727619171e-04 -3.731044232845306396e-01
-1.359851798042654991e-03 -3.741350471973419189e-01 -2.806247211992740631e-04 -3.731038570404052734e-01
-1.370252808555960655e-03 -3.741316497325897217e-01 -2.789818681776523590e-04 -3.731032609939575195e-01
-1.380594214424490929e-03 -3.741281032562255859e-01 -2.773893065750598907e-04 -3.731026649475097656e-01
-1.390898367390036583e-03 -3.741246759891510010e-01 -2.757036127150058746e-04 -3.731021285057067871e-01
-1.401202520355582237e-03 -3.741212189197540283e-01 -2.741427160799503326e-04 -3.731014728546142578e-01
-1.411454519256949425e-03 -3.741175830364227295e-01 -2.724402584135532379e-04 -3.731008470058441162e-01
-1.421758672222495079e-03 -3.741140961647033691e-01 -2.708421088755130768e-04 -3.731002509593963623e-01
-1.431921264156699181e-03 -3.741104304790496826e-01 -2.690986730158329010e-04 -3.730996847152709961e-01
-1.442217966541647911e-03 -3.741069138050079346e-01 -2.674763090908527374e-04 -3.730990886688232422e-01
-1.452365657314658165e-03 -3.741032183170318604e-01 -2.657421864569187164e-04 -3.730984032154083252e-01
-1.462669810280203819e-03 -3.740995824337005615e-01 -2.640695311129093170e-04 -3.730978369712829590e-01
-1.472802599892020226e-03 -3.740959465503692627e-01 -2.623819746077060699e-04 -3.730971813201904297e-01
-1.482965191826224327e-03 -3.740922212600708008e-01 -2.606553025543689728e-04 -3.730965852737426758e-01
-1.493060728535056114e-03 -3.740884661674499512e-01 -2.588951028883457184e-04 -3.730958700180053711e-01
-1.503186067566275597e-03 -3.740846812725067139e-01 -2.571553923189640045e-04 -3.730952143669128418e-01
-1.513341208919882774e-03 -3.740808665752410889e-01 -2.554175443947315216e-04 -3.730946183204650879e-01
-1.523414393886923790e-03 -3.740770518779754639e-01 -2.537579275667667389e-04 -3.730939328670501709e-01
-1.533472677692770958e-03 -3.740731477737426758e-01 -2.519101835787296295e-04 -3.730933666229248047e-01
-1.543523510918021202e-03 -3.740693330764770508e-01 -2.501183189451694489e-04 -3.730926513671875000e-01
-1.553537091240286827e-03 -3.740654289722442627e-01 -2.483916468918323517e-04 -3.730919063091278076e-01
-1.563535770401358604e-03 -3.740614652633666992e-01 -2.465718425810337067e-04 -3.730912506580352783e-01
-1.573504647240042686e-03 -3.740574717521667480e-01 -2.447613514959812164e-04 -3.730905354022979736e-01
-1.583488425239920616e-03 -3.740535080432891846e-01 -2.429918386042118073e-04 -3.730898797512054443e-01
-1.593367895111441612e-03 -3.740494847297668457e-01 -2.411440946161746979e-04 -3.730891346931457520e-01
-1.603411277756094933e-03 -3.740454614162445068e-01 -2.393410541117191315e-04 -3.730884790420532227e-01
-1.613283297047019005e-03 -3.740412890911102295e-01 -2.374448813498020172e-04 -3.730877935886383057e-01
-1.623132964596152306e-03 -3.740372359752655029e-01 -2.356157638132572174e-04 -3.730870485305786133e-01
-1.633019885048270226e-03 -3.740331530570983887e-01 -2.338462509214878082e-04 -3.730863332748413086e-01
-1.642862102016806602e-03 -3.740290701389312744e-01 -2.319891937077045441e-04 -3.730856478214263916e-01
-1.652659615501761436e-03 -3.740248084068298340e-01 -2.300743944942951202e-04 -3.730849027633666992e-01
-1.662486931309103966e-03 -3.740205466747283936e-01 -2.282508648931980133e-04 -3.730841577053070068e-01
-1.672269543632864952e-03 -3.740163147449493408e-01 -2.263211645185947418e-04 -3.730834126472473145e-01
-1.682059606537222862e-03 -3.740121424198150635e-01 -2.244249917566776276e-04 -3.730826973915100098e-01
-1.691819867119193077e-03 -3.740077316761016846e-01 -2.225623466074466705e-04 -3.730818629264831543e-01
-1.701498171314597130e-03 -3.740034699440002441e-01 -2.206885255873203278e-04 -3.730811774730682373e-01
-1.711265882477164268e-03 -3.739990890026092529e-01 -2.187439240515232086e-04 -3.730803728103637695e-01
-1.720921834930777550e-03 -3.739947080612182617e-01 -2.169092185795307159e-04 -3.730796575546264648e-01
-1.730585237964987755e-03 -3.739903271198272705e-01 -2.149422653019428253e-04 -3.730788230895996094e-01
-1.740248640999197960e-03 -3.739859163761138916e-01 -2.130423672497272491e-04 -3.730781078338623047e-01
